78.00003, 78.0, 78.0, 78.0, 78.0, 78.0, 78.00003, 78.0, 78.0, 78.0, 78.0, 78.00003, 78.00003, 78.00003, 78.00003, 78.00003, 78.00003, 78.00003, 78.0, 78.0, 78.00003, 78.00003, 78.00003, 78.00003, 78.07855
78.00003, 78.0, 78.0, 78.0, 78.0, 78.0, 78.00003, 78.0, 78.0, 78.0, 78.0, 78.00003, 78.00003, 78.00003, 78.00003, 78.00003, 78.00003, 78.00003, 78.0, 78.0, 78.00003, 78.00003, 78.00003, 78.00003, 78.070694
78.00003, 78.0, 78.0, 78.0, 78.0, 78.0, 78.00003, 78.0, 78.0, 78.0, 78.0, 78.00003, 78.00003, 78.00003, 78.00003, 78.00003, 78.00003, 78.00003, 78.0, 78.0, 78.00003, 78.00003, 78.00003, 78.00003, 78.06362
78.00003, 78.0, 78.0, 78.0, 78.0, 78.0, 78.00003, 78.0, 78.0, 78.0, 78.0, 78.00003, 78.00003, 78.00003, 78.00003, 78.00003, 78.00003, 78.00003, 78.0, 78.0, 78.00003, 78.00003, 78.00003, 78.00003, 78.05726
78.00003, 78.0, 78.0, 78.0, 78.0, 78.0, 78.00003, 78.0, 78.0, 78.0, 78.0, 78.00003, 78.00003, 78.00003, 78.00003, 78.00003, 78.00003, 78.00003, 78.0, 78.0, 78.00003, 78.00003, 78.00003, 78.00003, 78.05153
78.00003, 78.0, 78.0, 78.0, 78.0, 78.0, 78.00003, 78.0, 78.0, 78.0, 78.0, 78.00003, 78.00003, 78.00003, 78.00003, 78.00003, 78.00003, 78.00003, 78.0, 78.0, 78.00003, 78.00003, 78.00003, 78.00003, 78.04638
78.00003, 78.0, 78.0, 78.0, 78.0, 78.0, 78.00003, 78.0, 78.0, 78.0, 78.0, 78.00003, 78.00003, 78.00003, 78.00003, 78.00003, 78.00003, 78.00003, 78.0, 78.0, 78.00003, 78.00003, 78.00003, 78.00003, 78.04174
78.00003, 78.0, 78.0, 78.0, 78.0, 78.0, 78.00003, 78.0, 78.0, 78.0, 78.0, 78.00003, 78.00003, 78.00003, 78.00003, 78.00003, 78.00003, 78.00003, 78.0, 78.0, 78.00003, 78.00003, 78.00003, 78.00003, 78.03757
78.00003, 78.0, 78.0, 78.0, 78.0, 78.0, 78.00003, 78.0, 78.0, 78.0, 78.0, 78.00003, 78.00003, 78.00003, 78.00003, 78.00003, 78.00003, 78.00003, 78.0, 78.0, 78.00003, 78.00003, 78.00003, 78.00003, 78.03381
78.00003, 78.0, 78.0, 78.0, 78.0, 78.0, 78.00003, 78.0, 78.0, 78.0, 78.0, 78.00003, 78.00003, 78.00003, 78.00003, 78.00003, 78.00003, 78.00003, 78.0, 78.0, 78.00003, 78.00003, 78.00003, 78.00003, 78.03043
78.00003, 78.0, 78.0, 78.0, 78.0, 78.0, 78.00003, 78.0, 78.0, 78.0, 78.0, 78.00003, 78.00003, 78.00003, 78.00003, 78.00003, 78.00003, 78.00003, 78.0, 78.0, 78.00003, 78.00003, 78.00003, 78.00003, 78.02739
78.00003, 78.0, 78.0, 78.0, 78.0, 78.0, 78.00003, 78.0, 78.0, 78.0, 78.0, 78.00003, 78.00003, 78.00003, 78.00003, 78.00003, 78.00003, 78.00003, 78.0, 78.0, 78.00003, 78.00003, 78.00003, 78.00003, 78.02465
78.00003, 78.0, 78.0, 78.0, 78.0, 78.0, 78.00003, 78.0, 78.0, 78.0, 78.0, 78.00003, 78.00003, 78.00003, 78.00003, 78.00003, 78.00003, 78.00003, 78.0, 78.0, 78.00003, 78.00003, 78.00003, 78.00003, 78.02219
78.00003, 78.0, 78.0, 78.0, 78.0, 78.0, 78.00003, 78.0, 78.0, 78.0, 78.0, 78.00003, 78.00003, 78.00003, 78.00003, 78.00003, 78.00003, 78.00003, 78.0, 78.0, 78.00003, 78.00003, 78.00003, 78.00003, 78.019966
78.00003, 78.0, 78.0, 78.0, 78.0, 78.0, 78.00003, 78.0, 78.0, 78.0, 78.0, 78.00003, 78.00003, 78.00003, 78.00003, 78.00003, 78.00003, 78.00003, 78.0, 78.0, 78.00003, 78.00003, 78.00003, 78.00003, 78.01797
78.00003, 78.0, 78.0, 78.0, 78.0, 78.0, 78.00003, 78.0, 78.0, 78.0, 78.0, 78.00003, 78.00003, 78.00003, 78.00003, 78.00003, 78.00003, 78.00003, 78.0, 78.0, 78.00003, 78.00003, 78.00003, 78.00003, 78.016174
78.00003, 78.0, 78.0, 78.0, 78.0, 78.0, 78.00003, 78.0, 78.0, 78.0, 78.0, 78.00003, 78.00003, 78.00003, 78.00003, 78.00003, 78.00003, 78.00003, 78.0, 78.0, 78.00003, 78.00003, 78.00003, 78.00003, 78.01456
78.00003, 78.0, 78.0, 78.0, 78.0, 78.0, 78.00003, 78.0, 78.0, 78.0, 78.0, 78.00003, 78.00003, 78.00003, 78.00003, 78.00003, 78.00003, 78.00003, 78.0, 78.0, 78.00003, 78.00003, 78.00003, 78.00003, 78.0131
78.00003, 78.0, 78.0, 78.0, 78.0, 78.0, 78.00003, 78.0, 78.0, 78.0, 78.0, 78.00003, 78.00003, 78.00003, 78.00003, 78.00003, 78.00003, 78.00003, 78.0, 78.0, 78.00003, 78.00003, 78.00003, 78.00003, 78.01179
78.00003, 78.0, 78.0, 78.0, 78.0, 78.0, 78.00003, 78.0, 78.0, 78.0, 78.0, 78.00003, 78.00003, 78.00003, 78.00003, 78.00003, 78.00003, 78.00003, 78.0, 78.0, 78.00003, 78.00003, 78.00003, 78.00003, 78.010605
78.00003, 78.0, 78.0, 78.0, 78.0, 78.0, 78.00003, 78.0, 78.0, 78.0, 78.0, 78.00003, 78.00003, 78.00003, 78.00003, 78.00003, 78.00003, 78.00003, 78.0, 78.0, 78.00003, 78.00003, 78.00003, 78.00003, 78.009544
78.00003, 78.0, 78.0, 78.0, 78.0, 78.0, 78.00003, 78.0, 78.0, 78.0, 78.0, 78.00003, 78.00003, 78.00003, 78.00003, 78.00003, 78.00003, 78.00003, 78.0, 78.0, 78.00003, 78.00003, 78.00003, 78.00003, 78.00859
78.00003, 78.0, 78.0, 78.0, 78.0, 78.0, 78.00003, 78.0, 78.0, 78.0, 78.0, 78.00003, 78.00003, 78.00003, 78.00003, 78.00003, 78.00003, 78.00003, 78.0, 78.0, 78.00003, 78.00003, 78.00003, 78.00003, 78.00773
78.00003, 78.0, 78.0, 78.0, 78.0, 78.0, 78.00003, 78.0, 78.0, 78.0, 78.0, 78.00003, 78.00003, 78.00003, 78.00003, 78.00003, 78.00003, 78.00003, 78.0, 78.0, 78.00003, 78.00003, 78.00003, 78.00003, 78.00696
78.00003, 78.0, 78.0, 78.0, 78.0, 78.0, 78.00003, 78.0, 78.0, 78.0, 78.0, 78.00003, 78.00003, 78.00003, 78.00003, 78.00003, 78.00003, 78.00003, 78.0, 78.0, 78.00003, 78.00003, 78.00003, 78.00003, 78.00626
78.00003, 78.0, 78.0, 78.0, 78.0, 78.0, 78.00003, 78.0, 78.0, 78.0, 78.0, 78.00003, 78.00003, 78.00003, 78.00003, 78.00003, 78.00003, 78.00003, 78.0, 78.0, 78.00003, 78.00003, 78.00003, 78.00003, 78.00564
78.00003, 78.0, 78.0, 78.0, 78.0, 78.0, 78.00003, 78.0, 78.0, 78.0, 78.0, 78.00003, 78.00003, 78.00003, 78.00003, 78.00003, 78.00003, 78.00003, 78.0, 78.0, 78.00003, 78.00003, 78.00003, 78.00003, 78.00507
78.00003, 78.0, 78.0, 78.0, 78.0, 78.0, 78.00003, 78.0, 78.0, 78.0, 78.0, 78.00003, 78.00003, 78.00003, 78.00003, 78.00003, 78.00003, 78.00003, 78.0, 78.0, 78.00003, 78.00003, 78.00003, 78.00003, 78.00456
78.00003, 78.0, 78.0, 78.0, 78.0, 78.0, 78.00003, 78.0, 78.0, 78.0, 78.0, 78.00003, 78.00003, 78.00003, 78.00003, 78.00003, 78.00003, 78.00003, 78.0, 78.0, 78.00003, 78.00003, 78.00003, 78.00003, 78.004105
78.00003, 78.0, 78.0, 78.0, 78.0, 78.0, 78.00003, 78.0, 78.0, 78.0, 78.0, 78.00003, 78.00003, 78.00003, 78.00003, 78.00003, 78.00003, 78.00003, 78.0, 78.0, 78.00003, 78.00003, 78.00003, 78.00003, 78.00369
78.00003, 78.0, 78.0, 78.0, 78.0, 78.0, 78.00003, 78.0, 78.0, 78.0, 78.0, 78.00003, 78.00003, 78.00003, 78.00003, 78.00003, 78.00003, 78.00003, 78.0, 78.0, 78.00003, 78.00003, 78.00003, 78.00003, 78.00333
78.00003, 78.0, 78.0, 78.0, 78.0, 78.0, 78.00003, 78.0, 78.0, 78.0, 78.0, 78.00003, 78.00003, 78.00003, 78.00003, 78.00003, 78.00003, 78.00003, 78.0, 78.0, 78.00003, 78.00003, 78.00003, 78.00003, 78.00299
78.00003, 78.0, 78.0, 78.0, 78.0, 78.0, 78.00003, 78.0, 78.0, 78.0, 78.0, 78.00003, 78.00003, 78.00003, 78.00003, 78.00003, 78.00003, 78.00003, 78.0, 78.0, 78.00003, 78.00003, 78.00003, 78.00003, 78.00269
78.00003, 78.0, 78.0, 78.0, 78.0, 78.0, 78.00003, 78.0, 78.0, 78.0, 78.0, 78.00003, 78.00003, 78.00003, 78.00003, 78.00003, 78.00003, 78.00003, 78.0, 78.0, 78.00003, 78.00003, 78.00003, 78.00003, 78.002426
78.00003, 78.0, 78.0, 78.0, 78.0, 78.0, 78.00003, 78.0, 78.0, 78.0, 78.0, 78.00003, 78.00003, 78.00003, 78.00003, 78.00003, 78.00003, 78.00003, 78.0, 78.0, 78.00003, 78.00003, 78.00003, 78.00003, 78.00218
78.00003, 78.0, 78.0, 78.0, 78.0, 78.0, 78.00003, 78.0, 78.0, 78.0, 78.0, 78.00003, 78.00003, 78.00003, 78.00003, 78.00003, 78.00003, 78.00003, 78.0, 78.0, 78.00003, 78.00003, 78.00003, 78.00003, 78.00196
78.00003, 78.0, 78.0, 78.0, 78.0, 78.0, 78.00003, 78.0, 78.0, 78.0, 78.0, 78.00003, 78.00003, 78.00003, 78.00003, 78.00003, 78.00003, 78.00003, 78.0, 78.0, 78.00003, 78.00003, 78.00003, 78.00003, 78.00176
78.00003, 78.0, 78.0, 78.0, 78.0, 78.0, 78.00003, 78.0, 78.0, 78.0, 78.0, 78.00003, 78.00003, 78.00003, 78.00003, 78.00003, 78.00003, 78.00003, 78.0, 78.0, 78.00003, 78.00003, 78.00003, 78.00003, 78.00159
78.00003, 78.0, 78.0, 78.0, 78.0, 78.0, 78.00003, 78.0, 78.0, 78.0, 78.0, 78.00003, 78.00003, 78.00003, 78.00003, 78.00003, 78.00003, 78.00003, 78.0, 78.0, 78.00003, 78.00003, 78.00003, 78.00003, 78.00143
78.00003, 78.0, 78.0, 78.0, 78.0, 78.0, 78.00003, 78.0, 78.0, 78.0, 78.0, 78.00003, 78.00003, 78.00003, 78.00003, 78.00003, 78.00003, 78.00003, 78.0, 78.0, 78.00003, 78.00003, 78.00003, 78.00003, 78.00128
78.00003, 78.0, 78.0, 78.0, 78.0, 78.0, 78.00003, 78.0, 78.0, 78.0, 78.0, 78.00003, 78.00003, 78.00003, 78.00003, 78.00003, 78.00003, 78.00003, 78.0, 78.0, 78.00003, 78.00003, 78.00003, 78.00003, 78.00115
78.00003, 78.0, 78.0, 78.0, 78.0, 78.0, 78.00003, 78.0, 78.0, 78.0, 78.0, 78.00003, 78.00003, 78.00003, 78.00003, 78.00003, 78.00003, 78.00003, 78.0, 78.0, 78.00003, 78.00003, 78.00003, 78.00003, 78.00104
78.00003, 78.0, 78.0, 78.0, 78.0, 78.0, 78.00003, 78.0, 78.0, 78.0, 78.0, 78.00003, 78.00003, 78.00003, 78.00003, 78.00003, 78.00003, 78.00003, 78.0, 78.0, 78.00003, 78.00003, 78.00003, 78.00003, 78.00093
78.00003, 78.0, 78.0, 78.0, 78.0, 78.0, 78.00003, 78.0, 78.0, 78.0, 78.0, 78.00003, 78.00003, 78.00003, 78.00003, 78.00003, 78.00003, 78.00003, 78.0, 78.0, 78.00003, 78.00003, 78.00003, 78.00003, 78.00084
78.00003, 78.0, 78.0, 78.0, 78.0, 78.0, 78.00003, 78.0, 78.0, 78.0, 78.0, 78.00003, 78.00003, 78.00003, 78.00003, 78.00003, 78.00003, 78.00003, 78.0, 78.0, 78.00003, 78.00003, 78.00003, 78.00003, 78.000755
78.00003, 78.0, 78.0, 78.0, 78.0, 78.0, 78.00003, 78.0, 78.0, 78.0, 78.0, 78.00003, 78.00003, 78.00003, 78.00003, 78.00003, 78.00003, 78.00003, 78.0, 78.0, 78.00003, 78.00003, 78.00003, 78.00003, 78.00068
78.00003, 78.0, 78.0, 78.0, 78.0, 78.0, 78.00003, 78.0, 78.0, 78.0, 78.0, 78.00003, 78.00003, 78.00003, 78.00003, 88.00003, 88.00003, 78.00003, 78.0, 78.0, 78.00003, 78.00003, 78.00003, 78.00003, 78.00061
78.00003, 78.0, 78.0, 78.0, 78.0, 78.0, 78.00003, 78.0, 78.0, 78.0, 78.0, 78.00003, 78.00003, 78.00003, 78.00003, 88.00003, 88.00003, 78.00003, 78.0, 78.0, 78.00003, 78.00003, 78.00003, 78.00003, 78.00055
78.00003, 78.0, 78.0, 78.0, 78.0, 78.0, 78.00003, 78.0, 78.0, 78.0, 78.0, 78.00003, 78.00003, 78.00003, 78.00003, 88.00003, 88.00003, 78.00003, 78.0, 78.0, 78.00003, 78.00003, 78.00003, 78.00003, 78.000496
78.00003, 78.0, 78.0, 78.0, 78.0, 78.0, 78.00003, 78.0, 78.0, 78.0, 78.0, 78.00003, 78.00003, 78.00003, 78.00003, 88.00003, 88.00003, 78.00003, 78.0, 78.0, 78.00003, 78.00003, 78.00003, 78.00003, 78.00044
78.00003, 78.0, 78.0, 78.0, 78.0, 78.0, 78.00003, 78.0, 78.0, 78.0, 78.0, 78.00003, 78.00003, 78.00003, 78.00003, 88.00003, 88.00003, 78.00003, 78.0, 78.0, 78.00003, 78.00003, 78.00003, 78.00003, 78.0004
78.00003, 78.0, 78.0, 78.0, 78.0, 78.0, 78.00003, 78.0, 78.0, 78.0, 78.0, 78.00003, 78.00003, 78.00003, 78.00003, 88.00003, 88.00003, 78.00003, 78.0, 78.0, 78.00003, 78.00003, 78.00003, 78.00003, 78.00036
78.00003, 78.0, 78.0, 78.0, 78.0, 78.0, 78.00003, 78.0, 78.0, 78.0, 78.0, 78.00003, 78.00003, 78.00003, 78.00003, 88.00003, 88.00003, 78.00003, 78.0, 78.0, 78.00003, 78.00003, 78.00003, 78.00003, 78.00032
78.00003, 78.0, 78.0, 78.0, 78.0, 78.0, 78.00003, 78.0, 78.0, 78.0, 78.0, 78.00003, 78.00003, 78.00003, 78.00003, 88.00003, 88.00003, 78.00003, 78.0, 78.0, 78.00003, 78.00003, 78.00003, 78.00003, 78.00029
78.00003, 78.0, 78.0, 78.0, 78.0, 78.0, 78.00003, 78.0, 78.0, 78.0, 78.0, 78.00003, 78.00003, 78.00003, 78.00003, 88.00003, 88.00003, 78.00003, 78.0, 78.0, 78.00003, 78.00003, 78.00003, 78.00003, 88.00029
78.00003, 78.0, 78.0, 78.0, 78.0, 78.0, 78.00003, 78.0, 78.0, 78.0, 78.0, 78.00003, 78.00003, 78.00003, 78.00003, 87.00003, 87.00003, 78.00003, 78.0, 78.0, 78.00003, 78.00003, 78.00003, 78.00003, 88.00029
78.00003, 78.0, 78.0, 78.0, 78.0, 78.0, 78.00003, 78.0, 78.0, 78.0, 78.0, 78.00003, 78.00003, 78.00003, 78.00003, 86.10003, 86.10003, 78.00003, 78.0, 78.0, 78.00003, 78.00003, 78.00003, 78.00003, 88.00029
78.00003, 78.0, 78.0, 78.0, 78.0, 78.0, 78.00003, 78.0, 78.0, 78.0, 78.0, 78.00003, 78.00003, 78.00003, 78.00003, 85.29002, 85.29002, 78.00003, 78.0, 78.0, 78.00003, 78.00003, 78.00003, 78.00003, 88.00029
78.00003, 78.0, 78.0, 78.0, 78.0, 78.0, 78.00003, 78.0, 78.0, 78.0, 78.0, 78.00003, 78.00003, 78.00003, 78.00003, 84.56102, 84.56102, 78.00003, 78.0, 78.0, 78.00003, 78.00003, 78.00003, 78.00003, 88.00029
78.00003, 78.0, 78.0, 78.0, 78.0, 78.0, 78.00003, 78.0, 78.0, 78.0, 78.0, 78.00003, 78.00003, 78.00003, 78.00003, 83.904915, 83.904915, 78.00003, 78.0, 78.0, 78.00003, 78.00003, 78.00003, 78.00003, 88.00029
78.00003, 78.0, 78.0, 78.0, 78.0, 78.0, 78.00003, 78.0, 78.0, 78.0, 78.0, 78.00003, 78.00003, 78.00003, 78.00003, 83.31442, 83.31442, 78.00003, 78.0, 78.0, 78.00003, 78.00003, 78.00003, 78.00003, 88.00029
78.00003, 78.0, 78.0, 78.0, 78.0, 78.0, 78.00003, 78.0, 78.0, 78.0, 78.0, 78.00003, 78.00003, 78.00003, 78.00003, 93.31442, 93.31442, 78.00003, 78.0, 78.0, 78.00003, 78.00003, 78.00003, 78.00003, 87.00026
78.00003, 78.0, 78.0, 78.0, 78.0, 78.0, 78.00003, 78.0, 78.0, 78.0, 78.0, 78.00003, 78.00003, 78.00003, 78.00003, 93.31442, 93.31442, 78.00003, 78.0, 78.0, 78.00003, 78.00003, 78.00003, 78.00003, 86.100235
78.00003, 78.0, 78.0, 78.0, 78.0, 78.0, 78.00003, 78.0, 78.0, 78.0, 78.0, 78.00003, 78.00003, 78.00003, 78.00003, 93.31442, 93.31442, 78.00003, 78.0, 78.0, 78.00003, 78.00003, 78.00003, 78.00003, 85.290215
78.00003, 78.0, 78.0, 78.0, 78.0, 78.0, 78.00003, 78.0, 78.0, 78.0, 78.0, 78.00003, 78.00003, 78.00003, 78.00003, 93.31442, 93.31442, 78.00003, 78.0, 78.0, 78.00003, 78.00003, 78.00003, 78.00003, 84.561195
78.00003, 78.0, 78.0, 78.0, 78.0, 78.0, 78.00003, 78.0, 78.0, 78.0, 78.0, 78.00003, 78.00003, 78.00003, 78.00003, 93.31442, 93.31442, 78.00003, 78.0, 78.0, 78.00003, 78.00003, 78.00003, 78.00003, 83.905075
78.00003, 78.0, 78.0, 78.0, 78.0, 78.0, 78.00003, 78.0, 78.0, 78.0, 78.0, 78.00003, 78.00003, 78.00003, 78.00003, 93.31442, 93.31442, 78.00003, 78.0, 78.0, 78.00003, 78.00003, 78.00003, 78.00003, 83.31457
78.00003, 78.0, 78.0, 78.0, 78.0, 78.0, 78.00003, 78.0, 78.0, 78.0, 78.0, 78.00003, 78.00003, 78.00003, 78.00003, 93.31442, 93.31442, 78.00003, 78.0, 78.0, 78.00003, 78.00003, 78.00003, 78.00003, 82.78311
78.00003, 78.0, 78.0, 78.0, 78.0, 78.0, 78.00003, 78.0, 78.0, 78.0, 78.0, 78.00003, 78.00003, 88.00003, 78.00003, 93.31442, 91.78298, 78.00003, 78.0, 78.0, 78.00003, 78.00003, 78.00003, 78.00003, 82.3048
78.00003, 78.0, 78.0, 78.0, 78.0, 78.0, 78.00003, 78.0, 78.0, 78.0, 78.0, 78.00003, 78.00003, 88.00003, 78.00003, 91.78298, 90.404686, 78.00003, 78.0, 78.0, 78.00003, 78.00003, 78.00003, 78.00003, 81.87432
78.00003, 78.0, 78.0, 78.0, 78.0, 78.0, 78.00003, 78.0, 78.0, 78.0, 78.0, 78.00003, 78.00003, 88.00003, 78.00003, 90.404686, 89.164215, 78.00003, 78.0, 78.0, 78.00003, 78.00003, 78.00003, 78.00003, 81.48689
78.00003, 78.0, 78.0, 78.0, 78.0, 78.0, 78.00003, 78.0, 78.0, 78.0, 78.0, 78.00003, 78.00003, 88.00003, 78.00003, 89.164215, 88.04779, 78.00003, 78.0, 78.0, 78.00003, 78.00003, 78.00003, 78.00003, 81.13821
78.00003, 78.0, 78.0, 78.0, 78.0, 78.0, 78.00003, 78.0, 78.0, 78.0, 78.0, 78.00003, 78.00003, 88.00003, 78.00003, 88.04779, 87.043015, 78.00003, 78.0, 78.0, 78.00003, 78.00003, 78.00003, 78.00003, 80.82439
78.00003, 78.0, 78.0, 78.0, 78.0, 78.0, 78.00003, 78.0, 78.0, 78.0, 78.0, 78.00003, 78.00003, 88.00003, 78.00003, 87.043015, 86.13871, 78.00003, 78.0, 78.0, 78.00003, 78.00003, 78.00003, 78.00003, 80.54195
78.00003, 78.0, 78.0, 78.0, 78.0, 78.0, 78.00003, 78.0, 78.0, 78.0, 78.0, 78.00003, 78.00003, 87.00003, 88.00003, 97.043015, 85.32484, 78.00003, 78.0, 78.0, 78.00003, 78.00003, 78.00003, 78.00003, 80.28775
78.00003, 78.0, 78.0, 78.0, 78.0, 78.0, 78.00003, 78.0, 78.0, 78.0, 78.0, 78.00003, 78.00003, 86.10003, 88.00003, 97.043015, 84.592354, 78.00003, 78.0, 78.0, 78.00003, 78.00003, 78.00003, 78.00003, 80.058975
78.00003, 78.0, 78.0, 78.0, 78.0, 78.0, 78.00003, 78.0, 78.0, 78.0, 78.0, 78.00003, 78.00003, 85.29002, 88.00003, 97.043015, 83.93312, 78.00003, 78.0, 78.0, 78.00003, 78.00003, 78.00003, 78.00003, 79.85308
78.00003, 78.0, 78.0, 78.0, 78.0, 78.0, 78.00003, 78.0, 78.0, 78.0, 78.0, 78.00003, 78.00003, 84.56102, 88.00003, 97.043015, 83.339806, 78.00003, 78.0, 78.0, 78.00003, 78.00003, 78.00003, 78.00003, 79.66777
78.00003, 78.0, 78.0, 78.0, 78.0, 78.0, 78.00003, 78.0, 78.0, 78.0, 78.0, 78.00003, 78.00003, 83.904915, 88.00003, 97.043015, 82.805824, 78.00003, 78.0, 78.0, 78.00003, 78.00003, 78.00003, 78.00003, 79.50099
78.00003, 78.0, 78.0, 78.0, 78.0, 78.0, 78.00003, 78.0, 78.0, 78.0, 78.0, 78.00003, 78.00003, 83.31442, 88.00003, 97.043015, 82.32524, 78.00003, 78.0, 78.0, 78.00003, 78.00003, 78.00003, 78.00003, 79.35089
78.00003, 78.0, 78.0, 78.0, 78.0, 78.0, 78.00003, 78.0, 78.0, 78.0, 78.0, 78.00003, 78.00003, 82.78298, 88.00003, 97.043015, 81.892715, 78.00003, 78.0, 78.0, 78.00003, 78.00003, 78.00003, 78.00003, 79.215805
78.00003, 78.0, 78.0, 78.0, 78.0, 78.0, 78.00003, 78.0, 78.0, 78.0, 78.0, 78.00003, 78.00003, 82.30469, 88.00003, 95.13871, 81.50344, 78.00003, 78.0, 78.0, 78.00003, 78.00003, 78.00003, 78.00003, 79.09422
78.00003, 78.0, 78.0, 78.0, 78.0, 78.0, 78.00003, 78.0, 78.0, 78.0, 78.0, 78.00003, 78.00003, 92.30469, 87.00003, 93.424835, 81.1531, 78.00003, 78.0, 78.0, 78.00003, 78.00003, 78.00003, 78.00003, 78.9848
78.00003, 78.0, 78.0, 78.0, 78.0, 78.0, 78.00003, 78.0, 78.0, 78.0, 78.0, 78.00003, 78.00003, 92.30469, 86.10003, 91.882355, 80.83779, 78.00003, 78.0, 78.0, 78.00003, 78.00003, 78.00003, 88.00003, 78.88632
78.00003, 78.0, 78.0, 78.0, 78.0, 78.0, 78.00003, 78.0, 78.0, 78.0, 78.0, 78.00003, 78.00003, 92.30469, 85.29002, 90.49412, 80.554016, 78.00003, 78.0, 78.0, 78.00003, 78.00003, 78.00003, 88.00003, 78.79769
78.00003, 78.0, 78.0, 78.0, 78.0, 78.0, 78.00003, 78.0, 78.0, 78.0, 78.0, 78.00003, 78.00003, 92.30469, 84.56102, 89.244705, 80.298615, 78.00003, 78.0, 78.0, 78.00003, 78.00003, 78.00003, 88.00003, 78.717926
78.00003, 78.0, 78.0, 78.0, 78.0, 78.0, 78.00003, 78.0, 78.0, 78.0, 78.0, 78.00003, 78.00003, 90.87422, 83.904915, 88.12023, 80.068756, 78.00003, 78.0, 78.0, 78.00003, 78.00003, 78.00003, 88.00003, 78.64613
78.00003, 78.0, 78.0, 78.0, 78.0, 78.0, 78.00003, 78.0, 78.0, 78.0, 78.0, 78.00003, 78.00003, 89.5868, 83.31442, 87.10821, 79.86188, 78.00003, 78.0, 78.0, 78.00003, 78.00003, 78.00003, 88.00003, 78.58152
78.00003, 78.0, 78.0, 78.0, 78.0, 78.0, 78.00003, 78.0, 78.0, 78.0, 78.0, 78.00003, 78.00003, 88.428116, 82.78298, 86.19739, 79.67569, 78.00003, 78.0, 78.0, 78.00003, 78.00003, 78.00003, 88.00003, 88.58152
78.00003, 78.0, 78.0, 78.0, 78.0, 78.0, 78.00003, 78.0, 78.0, 78.0, 78.0, 78.00003, 78.00003, 87.38531, 82.30469, 85.37765, 79.50812, 78.00003, 78.0, 78.0, 78.00003, 78.00003, 78.00003, 88.00003, 88.58152
78.00003, 78.0, 78.0, 78.0, 78.0, 78.0, 78.00003, 78.0, 78.0, 78.0, 78.0, 78.00003, 78.00003, 86.44678, 81.87422, 84.639885, 79.35731, 78.00003, 78.0, 78.0, 78.00003, 78.00003, 78.00003, 87.00003, 88.58152
78.00003, 78.0, 78.0, 78.0, 78.0, 78.0, 78.00003, 78.0, 78.0, 78.0, 78.0, 78.00003, 78.00003, 85.6021, 81.4868, 83.9759, 79.22157, 78.00003, 78.0, 78.0, 78.00003, 78.00003, 78.00003, 86.10003, 88.58152
78.00003, 78.0, 78.0, 78.0, 78.0, 78.0, 78.00003, 78.0, 78.0, 78.0, 78.0, 78.00003, 78.00003, 84.84189, 81.13812, 83.37831, 79.09942, 78.00003, 78.0, 78.0, 78.00003, 78.00003, 78.00003, 85.29002, 88.58152
78.00003, 78.0, 78.0, 78.0, 78.0, 78.0, 78.00003, 78.0, 78.0, 78.0, 78.0, 78.00003, 78.00003, 84.1577, 80.82431, 82.84048, 78.98948, 78.00003, 78.0, 78.0, 78.00003, 78.00003, 78.00003, 84.56102, 88.58152
78.00003, 78.0, 78.0, 78.0, 78.0, 78.0, 78.00003, 78.0, 78.0, 78.0, 78.0, 78.00003, 78.00003, 83.54193, 80.54188, 82.35643, 78.89053, 78.00003, 78.0, 78.0, 78.00003, 78.00003, 78.00003, 83.904915, 88.58152
78.00003, 78.0, 78.0, 78.0, 78.0, 78.0, 78.00003, 78.0, 78.0, 78.0, 78.0, 78.00003, 78.00003, 82.98774, 80.28769, 81.920784, 78.80148, 78.00003, 78.0, 78.0, 78.00003, 78.00003, 78.00003, 83.31442, 88.58152
78.00003, 78.0, 78.0, 78.0, 78.0, 78.0, 78.00003, 78.0, 78.0, 78.0, 78.0, 78.00003, 78.00003, 82.48897, 80.05892, 81.5287, 78.72134, 78.00003, 78.0, 78.0, 78.00003, 78.00003, 78.00003, 82.78298, 88.58152
78.00003, 78.0, 78.0, 78.0, 78.0, 78.0, 78.00003, 78.0, 78.0, 78.0, 78.0, 78.00003, 78.00003, 82.04007, 79.85303, 81.175835, 78.6492, 78.00003, 78.0, 78.0, 78.00003, 78.00003, 78.00003, 82.30469, 88.58152
78.00003, 78.0, 78.0, 78.0, 78.0, 78.0, 78.00003, 78.0, 78.0, 78.0, 78.0, 78.00003, 78.00003, 81.63606, 79.667725, 80.85825, 78.58428, 78.00003, 78.0, 78.0, 78.00003, 78.00003, 78.00003, 81.87422, 87.52337
78.00003, 78.0, 78.0, 78.0, 78.0, 78.0, 78.00003, 78.0, 78.0, 78.0, 78.0, 78.00003, 78.00003, 81.27245, 79.50095, 80.572426, 78.525856, 78.00003, 78.0, 78.0, 78.00003, 78.00003, 78.00003, 81.4868, 86.57103
78.00003, 78.0, 78.0, 78.0, 78.0, 78.0, 78.00003, 78.0, 78.0, 78.0, 78.0, 78.00003, 78.00003, 80.945206, 79.35086, 80.315186, 78.47327, 78.00003, 78.0, 78.0, 78.00003, 78.00003, 78.00003, 81.13812, 85.71393
78.00003, 78.0, 78.0, 78.0, 78.0, 78.0, 78.00003, 78.0, 78.0, 78.0, 78.0, 78.00003, 78.00003, 80.65069, 79.215775, 80.083664, 78.42594, 78.00003, 78.0, 78.0, 78.00003, 78.00003, 78.00003, 80.82431, 84.942535
78.00003, 78.0, 78.0, 78.0, 78.0, 78.0, 78.00003, 78.0, 78.0, 78.0, 78.0, 78.00003, 78.00003, 80.38562, 79.0942, 79.8753, 78.38335, 78.00003, 78.0, 78.0, 78.00003, 78.00003, 78.00003, 80.54188, 84.24828
78.00003, 78.0, 78.0, 78.0, 78.0, 78.0, 78.00003, 78.0, 78.0, 78.0, 78.0, 78.00003, 78.00003, 80.14706, 78.98478, 79.68777, 78.34501, 78.00003, 78.0, 78.0, 78.00003, 78.00003, 78.00003, 80.28769, 83.62346
78.00003, 78.0, 78.0, 78.0, 78.0, 78.0, 78.00003, 78.0, 78.0, 78.0, 78.0, 78.00003, 78.00003, 79.93235, 78.8863, 79.51899, 78.31051, 78.00003, 78.0, 78.0, 78.00003, 78.00003, 78.00003, 80.05892, 83.06111
78.00003, 78.0, 78.0, 78.0, 78.0, 78.0, 78.00003, 78.0, 78.0, 78.0, 78.0, 78.00003, 78.00003, 79.73911, 78.79767, 79.36709, 78.27946, 78.00003, 78.0, 78.0, 78.00003, 78.00003, 78.00003, 79.85303, 82.555
78.00003, 78.0, 78.0, 78.0, 78.0, 78.0, 78.00003, 78.0, 78.0, 78.0, 78.0, 78.00003, 78.00003, 79.5652, 78.7179, 79.23038, 78.25151, 78.00003, 78.0, 78.0, 78.00003, 78.00003, 78.00003, 79.667725, 82.0995
78.00003, 78.0, 78.0, 78.0, 78.0, 78.0, 78.00003, 78.0, 78.0, 78.0, 78.0, 78.00003, 78.00003, 79.40868, 78.64611, 79.10734, 78.22636, 78.00003, 78.0, 78.0, 78.00003, 78.00003, 78.00003, 79.50095, 81.68955
78.00003, 78.0, 78.0, 78.0, 78.0, 78.0, 78.00003, 78.0, 78.0, 78.0, 78.0, 78.00003, 78.00003, 79.267815, 78.5815, 78.996605, 78.20372, 78.00003, 78.0, 78.0, 78.00003, 78.00003, 78.00003, 79.35086, 81.320595
78.00003, 78.0, 78.0, 78.0, 78.0, 78.0, 78.00003, 78.0, 78.0, 78.0, 78.0, 78.00003, 78.00003, 79.14104, 78.523346, 78.89694, 78.18335, 78.00003, 78.0, 78.0, 78.00003, 78.00003, 78.00003, 79.215775, 80.98853
78.00003, 78.0, 78.0, 78.0, 78.0, 78.0, 78.00003, 78.0, 78.0, 78.0, 78.0, 78.00003, 78.00003, 79.02693, 78.47101, 78.80725, 78.165016, 78.00003, 78.0, 78.0, 78.00003, 78.00003, 78.00003, 79.0942, 80.68968
78.00003, 78.0, 78.0, 78.0, 78.0, 78.0, 78.00003, 78.0, 78.0, 78.0, 78.0, 78.00003, 78.00003, 78.92424, 78.423904, 78.726524, 78.14851, 78.00003, 78.0, 78.0, 78.00003, 78.00003, 78.00003, 78.98478, 80.420715
78.00003, 78.0, 78.0, 78.0, 78.0, 78.0, 78.00003, 78.0, 78.0, 78.0, 78.0, 78.00003, 78.00003, 78.83182, 78.381516, 78.65387, 78.13366, 78.00003, 78.0, 78.0, 78.00003, 78.00003, 78.00003, 78.8863, 80.17864
78.00003, 78.0, 78.0, 78.0, 78.0, 78.0, 78.00003, 78.0, 78.0, 78.0, 78.0, 78.00003, 78.00003, 78.748634, 78.34336, 78.588486, 78.12029, 78.00003, 78.0, 78.0, 78.00003, 78.00003, 78.00003, 78.79767, 79.96078
78.00003, 78.0, 78.0, 78.0, 78.0, 78.0, 78.00003, 78.0, 78.0, 78.0, 78.0, 78.00003, 78.00003, 78.67377, 78.30902, 78.52964, 78.10826, 78.00003, 78.0, 78.0, 78.00003, 78.00003, 78.00003, 78.7179, 79.7647
78.00003, 78.0, 78.0, 78.0, 78.0, 78.0, 78.00003, 78.0, 78.0, 78.0, 78.0, 78.00003, 78.00003, 78.60639, 78.27812, 78.47668, 78.097435, 78.00003, 78.0, 78.0, 78.00003, 78.00003, 78.00003, 78.64611, 79.588234
78.00003, 78.0, 78.0, 78.0, 78.0, 78.0, 78.00003, 78.0, 78.0, 78.0, 78.0, 78.00003, 78.00003, 78.54575, 78.25031, 78.42901, 78.08769, 78.00003, 78.0, 78.0, 78.00003, 78.00003, 78.00003, 78.5815, 79.42941
78.00003, 78.0, 78.0, 78.0, 78.0, 78.0, 78.00003, 78.0, 78.0, 78.0, 78.0, 78.00003, 78.00003, 78.49118, 78.22528, 78.38611, 78.078926, 78.00003, 78.0, 78.0, 78.00003, 78.00003, 78.00003, 78.523346, 79.28647
78.00003, 78.0, 78.0, 78.0, 78.0, 78.0, 78.00003, 78.0, 78.0, 78.0, 78.0, 78.00003, 78.00003, 78.44206, 78.20275, 78.347496, 78.07103, 78.00003, 78.0, 78.0, 78.00003, 78.00003, 78.00003, 78.47101, 79.15782
78.00003, 78.0, 78.0, 78.0, 78.0, 78.0, 78.00003, 78.0, 78.0, 78.0, 78.0, 78.00003, 78.00003, 78.39786, 78.18248, 78.312744, 78.06393, 78.00003, 78.0, 78.0, 78.00003, 78.00003, 78.00003, 78.423904, 79.04204
78.00003, 78.0, 78.0, 78.0, 78.0, 78.0, 78.00003, 78.0, 78.0, 78.0, 78.0, 78.00003, 78.00003, 78.35807, 78.16423, 78.28147, 78.05753, 78.00003, 78.0, 78.0, 78.00003, 78.00003, 78.00003, 78.381516, 78.937836
78.00003, 78.0, 78.0, 78.0, 78.0, 78.0, 78.00003, 78.0, 78.0, 78.0, 78.0, 78.00003, 78.00003, 78.322266, 78.147804, 78.25333, 78.05178, 78.00003, 78.0, 78.0, 78.00003, 78.00003, 78.00003, 78.34336, 78.844055
78.00003, 78.0, 78.0, 78.0, 78.0, 78.0, 78.00003, 78.0, 78.0, 78.0, 78.0, 78.00003, 78.00003, 88.322266, 78.133026, 78.228, 78.0466, 78.00003, 78.0, 78.0, 78.00003, 78.00003, 78.00003, 78.30902, 78.75965
78.00003, 78.0, 78.0, 78.0, 78.0, 78.0, 78.00003, 78.0, 78.0, 78.0, 78.0, 78.00003, 78.00003, 88.322266, 78.11972, 78.2052, 78.04194, 78.00003, 78.0, 78.0, 78.00003, 78.00003, 78.00003, 78.27812, 78.683685
78.00003, 78.0, 78.0, 78.0, 78.0, 78.0, 78.00003, 78.0, 78.0, 78.0, 78.0, 78.00003, 78.00003, 88.322266, 78.10775, 78.18468, 78.03774, 78.00003, 78.0, 78.0, 78.00003, 78.00003, 78.00003, 78.25031, 78.61532
78.00003, 78.0, 78.0, 78.0, 78.0, 78.0, 78.00003, 78.0, 78.0, 78.0, 78.0, 78.00003, 78.00003, 88.322266, 78.09698, 78.16621, 78.033966, 78.00003, 78.0, 78.0, 78.00003, 78.00003, 78.00003, 78.22528, 78.55379
78.00003, 78.0, 78.0, 78.0, 78.0, 78.0, 78.00003, 78.0, 78.0, 78.0, 78.0, 78.00003, 78.00003, 88.322266, 78.08728, 78.14958, 78.03057, 78.00003, 78.0, 78.0, 78.00003, 78.00003, 78.00003, 78.20275, 78.498405
78.00003, 78.0, 78.0, 78.0, 78.0, 78.0, 78.00003, 78.0, 78.0, 78.0, 78.0, 78.00003, 78.00003, 88.322266, 78.07855, 78.13462, 78.02751, 78.00003, 78.0, 78.0, 78.00003, 78.00003, 78.00003, 78.18248, 78.44856
78.00003, 78.0, 78.0, 78.0, 78.0, 78.0, 78.00003, 78.0, 78.0, 78.0, 78.0, 78.00003, 78.00003, 88.322266, 78.070694, 78.121155, 78.02476, 78.00003, 78.0, 78.0, 78.00003, 78.00003, 78.00003, 78.16423, 78.40371
78.00003, 78.0, 78.0, 78.0, 78.0, 78.0, 78.00003, 78.0, 78.0, 78.0, 78.0, 78.00003, 78.00003, 88.322266, 78.06362, 88.121155, 78.02228, 78.00003, 78.0, 78.0, 78.00003, 78.00003, 78.00003, 78.147804, 78.36334
78.00003, 78.0, 78.0, 78.0, 78.0, 78.0, 78.00003, 78.0, 78.0, 78.0, 78.0, 78.00003, 78.00003, 88.322266, 88.06362, 88.121155, 78.02005, 78.00003, 78.0, 78.0, 78.00003, 78.00003, 78.00003, 78.133026, 78.32701
78.00003, 78.0, 78.0, 78.0, 78.0, 78.0, 78.00003, 78.0, 78.0, 78.0, 78.0, 78.00003, 78.00003, 87.29004, 88.06362, 88.121155, 78.01804, 78.00003, 78.0, 78.0, 78.00003, 78.00003, 78.00003, 78.11972, 78.29431
78.00003, 78.0, 78.0, 78.0, 78.0, 78.0, 78.00003, 78.0, 78.0, 78.0, 78.0, 78.00003, 78.00003, 86.36104, 88.06362, 88.121155, 78.016235, 78.00003, 78.0, 78.0, 78.00003, 78.00003, 78.00003, 78.10775, 78.26488
78.00003, 78.0, 78.0, 78.0, 78.0, 78.0, 78.00003, 78.0, 78.0, 78.0, 78.0, 78.00003, 78.00003, 85.52493, 88.06362, 88.121155, 78.01461, 78.00003, 78.0, 78.0, 78.00003, 78.00003, 78.00003, 78.09698, 78.23839
78.00003, 78.0, 78.0, 78.0, 78.0, 78.0, 78.00003, 78.0, 78.0, 78.0, 78.0, 78.00003, 78.00003, 84.77244, 88.06362, 88.121155, 78.01315, 78.00003, 78.0, 78.0, 78.00003, 78.00003, 78.00003, 78.08728, 78.21455
78.00003, 78.0, 78.0, 78.0, 78.0, 78.0, 78.00003, 78.0, 78.0, 78.0, 78.0, 78.00003, 78.00003, 84.09519, 88.06362, 88.121155, 78.01184, 78.00003, 78.0, 78.0, 78.00003, 78.00003, 78.00003, 78.07855, 78.19309
78.00003, 78.0, 78.0, 78.0, 78.0, 78.0, 78.00003, 78.0, 78.0, 78.0, 78.0, 78.00003, 78.00003, 83.48567, 87.05726, 87.10904, 78.01066, 78.00003, 78.0, 78.0, 78.00003, 78.00003, 78.00003, 78.070694, 78.17378
78.00003, 78.0, 78.0, 78.0, 78.0, 78.0, 78.00003, 78.0, 78.0, 78.0, 78.0, 78.00003, 88.00003, 82.9371, 86.151535, 86.198135, 78.00959, 78.00003, 78.0, 78.0, 78.00003, 78.00003, 78.00003, 78.06362, 78.1564
78.00003, 78.0, 78.0, 78.0, 78.0, 78.0, 78.00003, 78.0, 78.0, 78.0, 78.0, 78.00003, 88.00003, 82.44339, 85.33638, 85.37832, 78.00863, 78.00003, 78.0, 78.0, 78.00003, 78.00003, 78.00003, 78.05726, 78.14076
78.00003, 78.0, 78.0, 78.0, 78.0, 78.0, 78.00003, 78.0, 78.0, 78.0, 78.0, 78.00003, 88.00003, 81.999054, 84.602745, 84.64049, 78.00777, 78.00003, 78.0, 78.0, 78.00003, 78.00003, 78.00003, 78.05153, 78.126686
78.00003, 78.0, 78.0, 78.0, 78.0, 78.0, 78.00003, 78.0, 78.0, 78.0, 78.0, 78.00003, 88.00003, 81.59915, 83.942474, 83.97644, 78.00699, 78.00003, 78.0, 78.0, 78.00003, 78.00003, 78.00003, 78.04638, 78.11401
78.00003, 78.0, 78.0, 78.0, 78.0, 78.0, 78.00003, 78.0, 78.0, 78.0, 78.0, 78.00003, 88.00003, 81.239235, 83.34823, 83.3788, 78.00629, 78.00003, 78.0, 78.0, 78.00003, 78.00003, 78.00003, 78.04174, 78.102615
78.00003, 78.0, 78.0, 78.0, 78.0, 78.0, 78.00003, 78.0, 78.0, 78.0, 78.0, 78.00003, 88.00003, 80.91531, 82.81341, 82.84092, 78.00566, 78.00003, 78.0, 78.0, 78.00003, 78.00003, 78.00003, 78.03757, 78.092354
78.00003, 78.0, 78.0, 78.0, 78.0, 78.0, 78.00003, 78.0, 78.0, 78.0, 78.0, 78.00003, 88.00003, 80.62378, 82.33207, 82.35683, 78.0051, 78.00003, 78.0, 78.0, 78.00003, 78.00003, 78.00003, 78.03381, 78.083115
78.00003, 78.0, 78.0, 78.0, 78.0, 78.0, 78.00003, 78.0, 78.0, 78.0, 78.0, 78.00003, 88.00003, 90.62378, 81.898865, 81.92114, 78.004585, 78.00003, 78.0, 78.0, 78.00003, 78.00003, 78.00003, 78.03043, 78.07481
78.00003, 78.0, 78.0, 78.0, 78.0, 78.0, 78.00003, 78.0, 78.0, 78.0, 78.0, 78.00003, 88.00003, 90.62378, 81.50898, 81.52903, 78.00413, 78.00003, 78.0, 78.0, 78.00003, 78.00003, 78.00003, 78.02739, 78.06732
78.00003, 78.0, 78.0, 78.0, 78.0, 78.0, 78.00003, 78.0, 78.0, 78.0, 78.0, 78.00003, 87.00003, 90.62378, 91.50898, 81.176125, 78.003716, 78.00003, 78.0, 78.0, 78.00003, 78.00003, 78.00003, 78.02465, 78.06059
78.00003, 78.0, 78.0, 78.0, 78.0, 78.0, 78.00003, 78.0, 78.0, 78.0, 78.0, 78.00003, 86.10003, 90.62378, 91.50898, 80.85851, 78.00334, 78.00003, 78.0, 78.0, 78.00003, 78.00003, 78.00003, 78.02219, 78.054535
78.00003, 78.0, 78.0, 78.0, 78.0, 78.0, 78.00003, 78.0, 78.0, 78.0, 78.0, 78.00003, 85.29002, 90.62378, 91.50898, 80.57266, 78.003006, 78.00003, 78.0, 78.0, 78.00003, 78.00003, 78.00003, 78.019966, 78.04908
78.00003, 78.0, 78.0, 78.0, 78.0, 78.0, 78.00003, 78.0, 78.0, 78.0, 78.0, 78.00003, 84.56102, 90.62378, 91.50898, 80.3154, 78.00271, 78.00003, 78.0, 78.0, 78.00003, 78.00003, 78.00003, 78.01797, 78.044174
78.00003, 78.0, 78.0, 78.0, 78.0, 78.0, 78.00003, 78.0, 78.0, 78.0, 78.0, 78.00003, 83.904915, 90.62378, 91.50898, 80.08386, 78.00244, 78.00003, 78.0, 78.0, 78.00003, 78.00003, 78.00003, 78.016174, 78.03976
78.00003, 78.0, 78.0, 78.0, 78.0, 78.0, 78.00003, 78.0, 78.0, 78.0, 78.0, 78.00003, 83.31442, 90.62378, 91.50898, 79.87547, 78.0022, 78.00003, 78.0, 78.0, 78.00003, 78.00003, 78.00003, 78.01456, 78.03578
78.00003, 78.0, 78.0, 78.0, 78.0, 78.0, 78.00003, 78.0, 78.0, 78.0, 78.0, 78.00003, 82.78298, 90.62378, 91.50898, 79.68793, 78.001976, 78.00003, 78.0, 78.0, 78.00003, 78.00003, 78.00003, 78.0131, 78.0322
78.00003, 78.0, 78.0, 78.0, 78.0, 78.0, 78.00003, 78.0, 78.0, 78.0, 78.0, 78.00003, 82.30469, 89.361404, 90.15808, 79.519135, 78.00178, 78.00003, 78.0, 78.0, 78.00003, 78.00003, 88.00003, 78.01179, 78.028984
78.00003, 78.0, 78.0, 78.0, 78.0, 78.0, 78.00003, 78.0, 78.0, 78.0, 78.0, 78.00003, 81.87422, 88.225266, 88.942276, 79.36722, 78.0016, 78.00003, 78.0, 78.0, 78.00003, 78.00003, 88.00003, 78.010605, 78.026085
78.00003, 78.0, 78.0, 78.0, 78.0, 78.0, 78.00003, 78.0, 78.0, 78.0, 78.0, 78.00003, 81.4868, 87.202736, 87.848045, 79.2305, 78.00144, 78.00003, 78.0, 78.0, 78.00003, 78.00003, 88.00003, 88.010605, 78.023476
78.00003, 78.0, 78.0, 78.0, 78.0, 78.0, 78.00003, 78.0, 78.0, 78.0, 78.0, 78.00003, 81.13812, 86.28246, 86.86324, 79.10745, 78.0013, 78.00003, 78.0, 78.0, 78.00003, 78.00003, 88.00003, 88.010605, 78.021126
78.00003, 78.0, 78.0, 78.0, 78.0, 78.0, 78.00003, 78.0, 78.0, 78.0, 78.0, 78.00003, 80.82431, 85.454216, 85.97692, 78.996704, 78.00117, 78.00003, 78.0, 78.0, 78.00003, 78.00003, 88.00003, 88.010605, 78.01901
78.00003, 78.0, 78.0, 78.0, 78.0, 78.0, 78.00003, 78.0, 78.0, 78.0, 78.0, 78.00003, 80.54188, 84.70879, 85.17923, 78.89703, 78.00105, 78.00003, 78.0, 78.0, 78.00003, 78.00003, 88.00003, 88.010605, 78.01711
78.00003, 78.0, 78.0, 78.0, 78.0, 78.0, 78.00003, 78.0, 78.0, 78.0, 78.0, 78.00003, 80.28769, 84.03792, 84.4613, 78.80733, 78.000946, 78.00003, 78.0, 78.0, 78.00003, 78.00003, 88.00003, 88.010605, 88.01711
78.00003, 78.0, 78.0, 78.0, 78.0, 78.0, 78.00003, 78.0, 78.0, 78.0, 78.0, 78.00003, 80.05892, 83.43413, 83.81517, 78.72659, 78.000854, 78.00003, 78.0, 78.0, 78.00003, 78.00003, 87.00003, 87.009544, 88.01711
78.00003, 78.0, 78.0, 78.0, 78.0, 78.0, 78.00003, 78.0, 78.0, 78.0, 78.0, 78.00003, 79.85303, 82.89072, 83.23365, 78.65393, 78.00077, 78.00003, 78.0, 78.0, 78.00003, 78.00003, 86.10003, 86.10859, 88.01711
78.00003, 78.0, 78.0, 78.0, 78.0, 78.0, 78.00003, 78.0, 78.0, 78.0, 78.0, 78.00003, 79.667725, 82.40164, 82.71028, 78.58854, 78.000694, 78.00003, 78.0, 78.0, 78.00003, 78.00003, 85.29002, 85.29773, 88.01711
78.00003, 78.0, 78.0, 78.0, 78.0, 78.0, 78.00003, 78.0, 78.0, 78.0, 78.0, 78.00003, 79.50095, 81.96148, 82.23925, 78.529686, 78.000626, 78.00003, 78.0, 78.0, 78.00003, 78.00003, 84.56102, 84.567955, 88.01711
78.00003, 78.0, 78.0, 78.0, 78.0, 78.0, 78.00003, 78.0, 78.0, 78.0, 78.0, 78.00003, 79.35086, 81.56533, 81.81532, 78.476715, 78.000565, 78.00003, 78.0, 78.0, 78.00003, 78.00003, 83.904915, 83.91116, 88.01711
78.00003, 78.0, 78.0, 78.0, 78.0, 78.0, 78.00003, 78.0, 78.0, 78.0, 78.0, 78.00003, 79.215775, 81.2088, 81.43379, 78.42905, 78.00051, 78.00003, 78.0, 78.0, 78.00003, 78.00003, 83.31442, 83.320045, 88.01711
78.00003, 78.0, 78.0, 78.0, 78.0, 78.0, 78.00003, 78.0, 78.0, 78.0, 78.0, 78.00003, 79.0942, 80.887924, 81.090416, 78.38614, 78.00046, 78.00003, 78.0, 78.0, 78.00003, 78.00003, 82.78298, 82.78804, 88.01711
78.00003, 78.0, 78.0, 78.0, 78.0, 78.0, 78.00003, 78.0, 78.0, 78.0, 78.0, 78.00003, 78.98478, 80.59913, 80.78137, 78.34753, 78.00041, 78.00003, 78.0, 78.0, 78.00003, 78.00003, 82.30469, 82.309235, 88.01711
78.00003, 78.0, 78.0, 78.0, 78.0, 78.0, 78.00003, 78.0, 78.0, 78.0, 78.0, 78.00003, 78.8863, 80.33922, 80.503235, 78.312775, 78.000374, 78.00003, 78.0, 78.0, 78.00003, 78.00003, 81.87422, 81.87831, 88.01711
78.00003, 78.0, 78.0, 78.0, 78.0, 78.0, 78.00003, 78.0, 78.0, 78.0, 78.0, 78.00003, 78.79767, 80.10529, 80.252914, 78.281494, 78.000336, 78.00003, 78.0, 78.0, 78.00003, 78.00003, 81.4868, 81.49048, 87.0154
78.00003, 78.0, 78.0, 78.0, 78.0, 78.0, 78.00003, 78.0, 78.0, 78.0, 78.0, 78.00003, 78.7179, 79.89476, 80.027626, 78.25334, 78.000305, 78.00003, 78.0, 78.0, 78.00003, 78.00003, 81.13812, 81.14143, 86.11386
78.00003, 78.0, 78.0, 78.0, 78.0, 78.0, 78.00003, 78.0, 78.0, 78.0, 78.0, 78.00003, 78.64611, 79.705284, 79.82486, 78.228004, 78.000275, 78.00003, 78.0, 78.0, 78.00003, 78.00003, 80.82431, 80.82729, 85.302475
78.00003, 78.0, 78.0, 78.0, 78.0, 78.0, 78.00003, 78.0, 78.0, 78.0, 78.0, 78.00003, 78.5815, 79.53476, 79.64237, 78.2052, 78.000244, 78.00003, 78.0, 78.0, 78.00003, 78.00003, 80.54188, 80.54456, 84.57223
78.00003, 78.0, 78.0, 78.0, 78.0, 78.0, 78.00003, 78.0, 78.0, 78.0, 78.0, 78.00003, 78.523346, 79.38129, 79.478134, 78.18468, 78.00022, 78.00003, 78.0, 78.0, 78.00003, 78.00003, 80.28769, 80.29011, 83.91501
78.00003, 78.0, 78.0, 78.0, 78.0, 78.0, 78.00003, 78.0, 78.0, 78.0, 78.0, 78.00003, 78.47101, 79.24316, 79.33032, 78.16621, 78.0002, 78.00003, 78.0, 78.0, 78.00003, 78.00003, 80.05892, 80.0611, 83.32351
78.00003, 78.0, 78.0, 78.0, 78.0, 78.0, 78.00003, 78.0, 78.0, 78.0, 78.0, 78.00003, 78.423904, 79.11884, 79.19729, 78.14958, 78.000175, 78.00003, 78.0, 78.0, 78.00003, 78.00003, 79.85303, 79.85499, 82.79116
78.00003, 78.0, 78.0, 78.0, 78.0, 78.0, 78.00003, 78.0, 78.0, 78.0, 78.0, 78.00003, 78.381516, 79.00696, 79.07756, 78.13462, 78.00016, 78.00003, 78.0, 78.0, 78.00003, 78.00003, 79.667725, 79.66949, 82.31204
78.00003, 78.0, 78.0, 78.0, 78.0, 78.0, 78.00003, 78.0, 78.0, 78.0, 78.0, 78.00003, 78.34336, 78.906265, 78.9698, 78.121155, 78.000145, 78.00003, 78.0, 78.0, 78.00003, 78.00003, 79.50095, 79.50254, 81.88084
78.00003, 78.0, 78.0, 78.0, 78.0, 78.0, 78.00003, 78.0, 78.0, 78.0, 78.0, 78.00003, 78.30902, 78.815636, 78.872826, 78.10904, 78.00013, 78.00003, 78.0, 78.0, 78.00003, 78.00003, 79.35086, 79.35229, 81.49275
78.00003, 78.0, 78.0, 78.0, 78.0, 78.0, 78.00003, 78.0, 78.0, 78.0, 78.0, 78.00003, 78.27812, 78.73407, 78.785545, 78.09814, 78.000114, 78.00003, 78.0, 78.0, 78.00003, 78.00003, 79.215775, 79.21706, 81.14348
78.00003, 78.0, 78.0, 78.0, 78.0, 78.0, 78.00003, 78.0, 78.0, 78.0, 78.0, 78.00003, 78.25031, 78.66066, 78.70699, 78.088326, 78.00011, 78.00003, 78.0, 78.0, 78.00003, 78.00003, 79.0942, 79.09535, 80.82913
78.00003, 78.0, 78.0, 78.0, 78.0, 78.0, 78.00003, 78.0, 78.0, 78.0, 78.0, 78.00003, 78.22528, 78.5946, 78.63629, 78.07949, 78.0001, 78.00003, 78.0, 78.0, 78.00003, 78.00003, 78.98478, 78.98582, 80.54622
78.00003, 78.0, 78.0, 78.0, 78.0, 78.0, 78.00003, 78.0, 78.0, 78.0, 78.0, 78.00003, 78.20275, 78.53514, 78.57266, 78.07154, 78.00009, 78.00003, 78.0, 78.0, 78.00003, 78.00003, 78.8863, 78.88724, 80.291595
78.00003, 78.0, 78.0, 78.0, 78.0, 78.0, 78.00003, 78.0, 78.0, 78.0, 78.0, 78.00003, 78.18248, 78.48163, 78.515396, 78.064384, 78.000084, 78.00003, 78.0, 78.0, 78.00003, 78.00003, 78.79767, 78.798515, 80.06244
78.00003, 78.0, 78.0, 78.0, 78.0, 78.0, 78.00003, 78.0, 78.0, 78.0, 78.0, 78.00003, 78.16423, 78.433464, 78.46386, 78.057945, 78.00008, 78.00003, 78.0, 78.0, 78.00003, 78.00003, 78.7179, 78.718666, 79.85619
78.00003, 78.0, 78.0, 78.0, 78.0, 78.0, 78.00003, 78.0, 78.0, 78.0, 78.0, 78.00003, 78.147804, 78.39012, 78.41747, 78.052155, 78.00007, 78.00003, 78.0, 78.0, 78.00003, 78.00003, 78.64611, 78.6468, 79.67058
78.00003, 78.0, 78.0, 78.0, 78.0, 78.0, 78.00003, 78.0, 78.0, 78.0, 78.0, 78.00003, 78.133026, 78.35111, 78.375725, 78.046936, 78.00006, 78.00003, 78.0, 78.0, 78.00003, 78.00003, 78.5815, 78.582115, 79.50352
78.00003, 78.0, 78.0, 78.0, 78.0, 78.0, 78.00003, 78.0, 78.0, 78.0, 78.0, 78.00003, 78.11972, 78.316, 78.33815, 78.042244, 78.00005, 78.00003, 78.0, 78.0, 78.00003, 78.00003, 78.523346, 78.5239, 79.353165
78.00003, 78.0, 78.0, 78.0, 78.0, 78.0, 78.00003, 78.0, 78.0, 78.0, 78.0, 78.00003, 78.10775, 78.2844, 78.30434, 78.03802, 78.000046, 78.00003, 78.0, 78.0, 78.00003, 78.00003, 78.47101, 78.47151, 79.21785
78.00003, 78.0, 78.0, 78.0, 78.0, 78.0, 78.00003, 78.0, 78.0, 78.0, 78.0, 78.00003, 78.09698, 78.25596, 78.2739, 78.03422, 78.00004, 78.00003, 78.0, 78.0, 78.00003, 78.00003, 78.423904, 78.42436, 79.09606
78.00003, 78.0, 78.0, 78.0, 78.0, 78.0, 78.00003, 78.0, 78.0, 78.0, 78.0, 78.00003, 78.08728, 78.23036, 78.24651, 78.03079, 78.00003, 78.00003, 78.0, 78.0, 78.00003, 78.00003, 78.381516, 78.38193, 78.98646
78.00003, 78.0, 78.0, 78.0, 78.0, 78.0, 78.00003, 78.0, 78.0, 78.0, 78.0, 78.00003, 78.07855, 78.20733, 78.22186, 78.02771, 78.00003, 78.00003, 78.0, 78.0, 78.00003, 78.00003, 78.34336, 78.343735, 78.88781
78.00003, 78.0, 78.0, 78.0, 78.0, 78.0, 78.00003, 78.0, 78.0, 78.0, 78.0, 78.00003, 78.070694, 78.1866, 78.19968, 78.02494, 78.00003, 78.00003, 78.0, 78.0, 78.00003, 78.00003, 78.30902, 78.309364, 78.79903
78.00003, 78.0, 78.0, 78.0, 78.0, 78.0, 78.00003, 78.0, 78.0, 78.0, 78.0, 78.00003, 78.06362, 78.16794, 78.17971, 78.022446, 78.00003, 78.00003, 78.0, 78.0, 78.00003, 78.00003, 78.27812, 78.27843, 78.719124
78.00003, 78.0, 78.0, 78.0, 78.0, 78.0, 78.00003, 78.0, 78.0, 78.0, 78.0, 78.00003, 78.05726, 78.151146, 78.16174, 78.0202, 88.00003, 78.00003, 78.0, 78.0, 78.00003, 78.00003, 78.25031, 78.25059, 78.64721
78.00003, 78.0, 78.0, 78.0, 78.0, 78.0, 78.00003, 78.0, 78.0, 78.0, 78.0, 78.00003, 78.05153, 78.13603, 78.14557, 78.01818, 88.00003, 78.00003, 78.0, 78.0, 78.00003, 78.00003, 78.22528, 78.225525, 78.58249
78.00003, 78.0, 78.0, 78.0, 78.0, 78.0, 78.00003, 78.0, 78.0, 78.0, 78.0, 78.00003, 78.04638, 78.12243, 78.13101, 78.016365, 88.00003, 78.00003, 78.0, 78.0, 78.00003, 78.00003, 78.20275, 78.20297, 78.52424
78.00003, 78.0, 78.0, 78.0, 78.0, 78.0, 78.00003, 78.0, 78.0, 78.0, 78.0, 78.00003, 78.04174, 78.11018, 78.11791, 78.014725, 88.00003, 78.00003, 78.0, 78.0, 78.00003, 78.00003, 78.18248, 78.18268, 78.47182
78.00003, 78.0, 78.0, 78.0, 78.0, 78.0, 78.00003, 78.0, 78.0, 78.0, 78.0, 78.00003, 78.03757, 78.09917, 78.106125, 78.01325, 88.00003, 78.00003, 78.0, 78.0, 78.00003, 78.00003, 78.16423, 78.16441, 78.42464
78.00003, 78.0, 78.0, 78.0, 78.0, 78.0, 78.00003, 78.0, 78.0, 78.0, 78.0, 78.00003, 78.03381, 78.08925, 78.09551, 78.011925, 87.00003, 88.00003, 78.0, 78.0, 78.00003, 78.00003, 78.147804, 78.14797, 78.38217
78.00003, 78.0, 78.0, 78.0, 78.0, 78.0, 78.00003, 78.0, 78.0, 78.0, 78.0, 78.00003, 78.03043, 78.08032, 78.08596, 78.010735, 86.10003, 87.00003, 78.0, 78.0, 78.00003, 78.00003, 78.133026, 78.13318, 78.343956
78.00003, 78.0, 78.0, 78.0, 78.0, 78.0, 78.00003, 78.0, 78.0, 78.0, 78.0, 78.00003, 78.02739, 78.07229, 78.07736, 78.00966, 85.29002, 86.10003, 78.0, 78.0, 78.00003, 78.00003, 78.11972, 78.11986, 78.30956
78.00003, 78.0, 78.0, 78.0, 78.0, 78.0, 78.00003, 78.0, 78.0, 78.0, 78.0, 78.00003, 78.02465, 78.06506, 78.069626, 78.00869, 84.56102, 85.29002, 78.0, 78.0, 78.00003, 78.00003, 78.10775, 78.10787, 78.27861
78.00003, 78.0, 78.0, 78.0, 78.0, 78.0, 78.00003, 78.0, 78.0, 78.0, 78.0, 78.00003, 78.02219, 78.058556, 78.06266, 78.00782, 83.904915, 84.56102, 78.0, 78.0, 78.00003, 78.00003, 78.09698, 78.097084, 78.25075
78.00003, 78.0, 78.0, 78.0, 78.0, 78.0, 78.00003, 78.0, 78.0, 78.0, 78.0, 78.00003, 78.019966, 78.052704, 78.0564, 78.007034, 83.31442, 83.904915, 78.0, 78.0, 78.00003, 78.00003, 78.08728, 78.08737, 78.22567
78.00003, 78.0, 78.0, 78.0, 78.0, 78.0, 78.00003, 78.0, 78.0, 78.0, 78.0, 78.00003, 78.01797, 78.04743, 78.05076, 78.00633, 82.78298, 83.31442, 78.0, 78.0, 78.00003, 78.00003, 78.07855, 78.078636, 78.2031
78.00003, 78.0, 78.0, 78.0, 78.0, 78.0, 78.00003, 78.0, 78.0, 78.0, 78.0, 78.00003, 78.016174, 78.04269, 78.045685, 78.0057, 82.30469, 82.78298, 78.0, 78.0, 78.00003, 78.00003, 78.070694, 78.07077, 78.18279
78.00003, 78.0, 78.0, 78.0, 78.0, 78.0, 78.00003, 78.0, 78.0, 78.0, 78.0, 78.00003, 78.01456, 78.03842, 78.041115, 78.00513, 81.87422, 82.30469, 78.0, 78.0, 78.00003, 78.00003, 78.06362, 78.06369, 78.16451
78.00003, 78.0, 78.0, 78.0, 78.0, 78.0, 78.00003, 78.0, 78.0, 78.0, 78.0, 78.00003, 78.0131, 78.03458, 78.037, 78.004616, 81.4868, 92.30469, 78.0, 78.0, 78.00003, 78.00003, 78.05726, 78.05732, 78.14806
78.00003, 78.0, 78.0, 78.0, 78.0, 78.0, 78.00003, 78.0, 78.0, 78.0, 78.0, 78.00003, 78.01179, 78.03112, 78.0333, 78.00415, 81.13812, 92.30469, 78.0, 78.0, 78.00003, 78.00003, 78.05153, 78.05159, 78.133255
78.00003, 78.0, 78.0, 78.0, 78.0, 78.0, 78.00003, 78.0, 78.0, 78.0, 78.0, 78.00003, 78.010605, 78.02801, 78.02997, 78.00374, 80.82431, 92.30469, 78.0, 78.0, 78.00003, 78.00003, 78.04638, 78.04643, 78.11993
78.00003, 78.0, 78.0, 78.0, 78.0, 78.0, 78.00003, 78.0, 78.0, 78.0, 78.0, 78.00003, 78.009544, 78.02521, 78.02697, 78.003365, 80.54188, 92.30469, 78.0, 78.0, 78.00003, 78.00003, 78.04174, 78.04179, 78.10793
78.00003, 78.0, 78.0, 78.0, 78.0, 78.0, 78.00003, 78.0, 78.0, 78.0, 78.0, 78.00003, 78.00859, 78.02269, 78.02428, 78.00303, 80.28769, 92.30469, 78.0, 78.0, 78.00003, 78.00003, 78.03757, 78.037605, 78.09714
78.00003, 78.0, 78.0, 78.0, 78.0, 78.0, 78.00003, 78.0, 78.0, 78.0, 78.0, 78.00003, 78.00773, 78.020424, 78.02185, 78.00272, 80.05892, 92.30469, 78.0, 78.0, 78.00003, 78.00003, 78.03381, 78.033844, 78.087425
78.00003, 78.0, 78.0, 78.0, 78.0, 78.0, 78.00003, 78.0, 78.0, 78.0, 78.0, 78.00003, 78.00696, 78.01838, 78.01967, 78.00245, 79.85303, 92.30469, 78.0, 78.0, 78.00003, 78.00003, 78.03043, 78.03046, 78.07868
78.00003, 78.0, 78.0, 78.0, 78.0, 78.0, 78.00003, 78.0, 78.0, 78.0, 78.0, 78.00003, 78.00626, 78.01654, 78.0177, 78.002205, 79.667725, 90.87422, 78.0, 78.0, 78.00003, 78.00003, 78.02739, 78.02741, 78.070816
78.00003, 78.0, 78.0, 78.0, 78.0, 78.0, 78.00003, 78.0, 78.0, 78.0, 78.0, 78.00003, 78.00564, 78.014885, 78.01593, 78.00198, 79.50095, 89.5868, 78.0, 78.0, 78.00003, 78.00003, 78.02465, 78.02467, 78.063736
78.00003, 78.0, 78.0, 78.0, 78.0, 78.0, 78.00003, 78.0, 78.0, 78.0, 78.0, 78.00003, 78.00507, 78.0134, 78.014336, 78.001785, 79.35086, 88.428116, 78.0, 78.0, 78.00003, 78.00003, 78.02219, 78.02221, 78.057365
78.00003, 78.0, 78.0, 78.0, 78.0, 78.0, 78.00003, 78.0, 78.0, 78.0, 78.0, 78.00003, 78.00456, 78.012054, 78.0129, 78.00161, 79.215775, 87.38531, 78.0, 78.0, 78.00003, 78.00003, 78.019966, 78.01999, 78.05163
78.00003, 78.0, 78.0, 78.0, 78.0, 78.0, 78.00003, 78.0, 78.0, 78.0, 78.0, 78.00003, 78.004105, 78.01085, 78.01161, 78.00145, 79.0942, 86.44678, 78.0, 78.0, 78.00003, 78.00003, 78.01797, 78.01799, 78.04646
78.00003, 78.0, 78.0, 78.0, 78.0, 78.0, 78.00003, 78.0, 78.0, 78.0, 78.0, 78.00003, 78.00369, 78.009766, 78.01045, 78.001305, 78.98478, 85.6021, 78.0, 78.0, 78.00003, 78.00003, 78.016174, 78.01619, 78.04182
78.00003, 78.0, 78.0, 78.0, 78.0, 78.0, 78.00003, 78.0, 78.0, 78.0, 78.0, 78.00003, 78.00333, 78.00879, 78.00941, 78.001175, 78.8863, 84.84189, 78.0, 78.0, 78.00003, 78.00003, 78.01456, 78.01457, 78.037636
78.00003, 78.0, 78.0, 78.0, 78.0, 78.0, 78.00003, 78.0, 78.0, 78.0, 78.0, 78.00003, 78.00299, 78.00791, 78.00847, 78.00106, 78.79767, 84.1577, 78.0, 78.0, 78.00003, 78.00003, 78.0131, 78.013115, 78.033875
78.00003, 78.0, 78.0, 78.0, 78.0, 78.0, 78.00003, 78.0, 78.0, 78.0, 78.0, 78.00003, 78.00269, 78.00712, 78.00762, 78.00095, 78.7179, 83.54193, 78.0, 78.0, 78.00003, 78.00003, 78.01179, 78.0118, 78.03049
78.00003, 78.0, 78.0, 78.0, 78.0, 78.0, 78.00003, 78.0, 78.0, 78.0, 78.0, 78.00003, 78.002426, 78.00641, 78.00686, 78.000854, 78.64611, 82.98774, 78.0, 78.0, 78.00003, 78.00003, 78.010605, 78.01062, 78.027435
78.00003, 78.0, 78.0, 78.0, 78.0, 78.0, 78.00003, 78.0, 78.0, 78.0, 78.0, 78.00003, 78.00218, 78.00577, 78.00617, 78.00077, 78.5815, 82.48897, 78.0, 78.0, 78.00003, 78.00003, 78.009544, 78.00956, 78.02469
78.00003, 78.0, 78.0, 78.0, 78.0, 78.0, 78.00003, 78.0, 78.0, 78.0, 78.0, 78.00003, 78.00196, 78.00519, 78.005554, 78.000694, 78.523346, 82.04007, 78.0, 78.0, 78.00003, 78.00003, 78.00859, 78.008606, 78.02222
78.00003, 78.0, 78.0, 78.0, 78.0, 78.0, 78.00003, 78.0, 78.0, 78.0, 78.0, 78.00003, 78.00176, 78.00467, 78.005, 78.000626, 78.47101, 81.63606, 78.0, 78.0, 78.00003, 78.00003, 78.00773, 78.007744, 78.02
78.00003, 78.0, 78.0, 78.0, 78.0, 78.0, 78.00003, 78.0, 78.0, 78.0, 78.0, 78.00003, 78.00159, 78.0042, 78.0045, 78.000565, 78.423904, 81.27245, 78.0, 78.0, 78.00003, 78.00003, 78.00696, 78.00697, 78.018
78.00003, 78.0, 78.0, 78.0, 78.0, 78.0, 78.00003, 78.0, 78.0, 78.0, 78.0, 78.00003, 78.00143, 78.003784, 78.00405, 78.00051, 78.381516, 80.945206, 78.0, 78.0, 78.00003, 78.00003, 78.00626, 78.00628, 78.0162
78.00003, 78.0, 78.0, 78.0, 78.0, 78.0, 78.00003, 78.0, 78.0, 78.0, 78.0, 78.00003, 78.00128, 78.0034, 78.00365, 78.00046, 78.34336, 80.65069, 78.0, 78.0, 78.00003, 78.00003, 78.00564, 78.00565, 78.01458
78.00003, 78.0, 78.0, 78.0, 78.0, 78.0, 78.00003, 78.0, 78.0, 78.0, 78.0, 78.00003, 78.00115, 78.00306, 78.00328, 78.00041, 78.30902, 80.38562, 78.0, 78.0, 78.00003, 78.00003, 78.00507, 78.00509, 78.01312
78.00003, 78.0, 78.0, 78.0, 78.0, 78.0, 78.00003, 78.0, 78.0, 78.0, 78.0, 78.00003, 78.00104, 78.002754, 78.00295, 78.000374, 78.27812, 80.14706, 78.0, 78.0, 78.00003, 78.00003, 78.00456, 78.00458, 78.01181
78.00003, 78.0, 78.0, 78.0, 78.0, 78.0, 78.00003, 78.0, 78.0, 78.0, 78.0, 78.00003, 78.00093, 78.00248, 78.002655, 78.000336, 78.25031, 79.93235, 78.0, 78.0, 78.00003, 78.00003, 78.004105, 78.00412, 78.01063
78.00003, 78.0, 78.0, 78.0, 78.0, 78.0, 78.00003, 78.0, 78.0, 78.0, 78.0, 78.00003, 78.00084, 78.00223, 78.00239, 78.000305, 78.22528, 79.73911, 78.0, 78.0, 78.00003, 78.00003, 78.00369, 78.00371, 78.00957
78.00003, 78.0, 78.0, 78.0, 78.0, 78.0, 78.00003, 78.0, 78.0, 78.0, 78.0, 78.00003, 78.000755, 78.00201, 78.00215, 78.000275, 78.20275, 79.5652, 78.0, 78.0, 78.00003, 78.00003, 78.00333, 78.003334, 78.00861
78.00003, 78.0, 78.0, 78.0, 78.0, 78.0, 78.00003, 78.0, 78.0, 78.0, 78.0, 78.00003, 78.00068, 78.00181, 78.00194, 78.000244, 78.18248, 79.40868, 78.0, 78.0, 78.00003, 78.00003, 78.00299, 78.003, 78.00775
78.00003, 78.0, 78.0, 78.0, 78.0, 78.0, 78.00003, 78.0, 78.0, 78.0, 78.0, 78.00003, 78.00061, 78.001625, 78.00175, 78.00022, 78.16423, 79.267815, 78.0, 78.0, 78.00003, 78.00003, 78.00269, 78.0027, 78.00697
78.00003, 78.0, 78.0, 78.0, 78.0, 78.0, 78.00003, 78.0, 78.0, 78.0, 78.0, 78.00003, 78.00055, 78.001465, 78.00157, 78.0002, 78.147804, 79.14104, 78.0, 78.0, 78.00003, 78.00003, 78.002426, 78.00243, 78.00628
78.00003, 78.0, 78.0, 78.0, 78.0, 78.0, 78.00003, 78.0, 78.0, 78.0, 78.0, 78.00003, 78.000496, 78.00132, 78.00141, 78.000175, 78.133026, 79.02693, 78.0, 78.0, 78.00003, 78.00003, 78.00218, 78.00219, 78.00565
78.00003, 78.0, 78.0, 78.0, 78.0, 78.0, 78.00003, 78.0, 78.0, 78.0, 78.0, 78.00003, 78.00044, 78.00119, 78.00127, 78.00016, 78.11972, 78.92424, 78.0, 78.0, 78.00003, 78.00003, 78.00196, 78.00197, 78.00509
78.00003, 78.0, 78.0, 78.0, 78.0, 78.0, 78.00003, 78.0, 78.0, 78.0, 78.0, 78.00003, 78.0004, 78.00107, 78.00114, 78.000145, 78.10775, 78.83182, 78.0, 78.0, 78.00003, 78.00003, 78.00176, 78.00177, 78.00458
78.00003, 78.0, 78.0, 78.0, 78.0, 78.0, 78.00003, 78.0, 78.0, 78.0, 78.0, 78.00003, 78.00036, 78.00096, 78.00102, 78.00013, 78.09698, 78.748634, 78.0, 78.0, 78.00003, 78.00003, 78.00159, 78.001595, 78.00412
78.00003, 78.0, 78.0, 78.0, 78.0, 78.0, 78.00003, 78.0, 78.0, 78.0, 78.0, 78.00003, 78.00032, 78.00086, 78.00092, 78.000114, 78.08728, 78.67377, 78.0, 78.0, 78.00003, 78.00003, 78.00143, 78.001434, 78.00371
78.00003, 78.0, 78.0, 78.0, 78.0, 78.0, 78.00003, 78.0, 78.0, 78.0, 78.0, 78.00003, 78.00029, 78.00078, 78.00083, 78.00011, 78.07855, 78.60639, 78.0, 78.0, 78.00003, 78.00003, 78.00128, 78.00129, 78.003334
78.00003, 78.0, 78.0, 78.0, 78.0, 78.0, 78.00003, 78.0, 78.0, 78.0, 78.0, 78.00003, 78.00026, 78.0007, 78.00075, 78.0001, 78.070694, 78.54575, 78.0, 78.0, 78.00003, 78.00003, 78.00115, 78.00116, 78.003
78.00003, 78.0, 78.0, 78.0, 78.0, 78.0, 78.00003, 78.0, 78.0, 78.0, 78.0, 78.00003, 78.00024, 78.00063, 78.00067, 78.00009, 78.06362, 78.49118, 78.0, 78.0, 78.00003, 78.00003, 78.00104, 78.001045, 78.0027
78.00003, 78.0, 78.0, 78.0, 78.0, 78.0, 78.00003, 78.0, 78.0, 78.0, 78.0, 78.00003, 78.00021, 78.00057, 78.0006, 78.000084, 78.05726, 78.44206, 78.0, 78.0, 78.00003, 78.00003, 78.00093, 78.00094, 78.00243
78.00003, 78.0, 78.0, 78.0, 78.0, 78.0, 78.00003, 78.0, 78.0, 78.0, 78.0, 78.00003, 78.00019, 78.00052, 78.00054, 78.00008, 78.05153, 78.39786, 78.0, 78.0, 78.00003, 78.00003, 78.00084, 78.00085, 78.00219
78.00003, 78.0, 78.0, 78.0, 78.0, 78.0, 78.00003, 78.0, 78.0, 78.0, 78.0, 78.00003, 78.00017, 78.000465, 78.00049, 78.00007, 78.04638, 78.35807, 78.0, 78.0, 78.00003, 78.00003, 78.000755, 78.00076, 78.00197
78.00003, 78.0, 78.0, 78.0, 78.0, 78.0, 78.00003, 78.0, 78.0, 78.0, 78.0, 78.00003, 78.00015, 78.00042, 78.00044, 78.00006, 78.04174, 78.322266, 78.0, 78.0, 78.00003, 78.00003, 78.00068, 78.00069, 78.00177
78.00003, 78.0, 78.0, 78.0, 78.0, 78.0, 78.00003, 78.0, 78.0, 78.0, 78.0, 78.00003, 78.00014, 78.00038, 78.0004, 78.00005, 78.03757, 78.29004, 78.0, 78.0, 78.00003, 78.00003, 78.00061, 78.00062, 78.001595
78.00003, 78.0, 78.0, 78.0, 78.0, 78.0, 78.00003, 78.0, 78.0, 78.0, 78.0, 78.00003, 78.00012, 78.00034, 78.00036, 78.000046, 78.03381, 78.26103, 78.0, 78.0, 78.00003, 78.00003, 78.00055, 78.00056, 78.001434
78.00003, 78.0, 78.0, 78.0, 78.0, 78.0, 78.00003, 78.0, 78.0, 78.0, 78.0, 78.00003, 78.00011, 78.000305, 78.00032, 78.00004, 78.03043, 78.23493, 78.0, 78.0, 78.00003, 78.00003, 78.000496, 78.0005, 78.00129
78.00003, 78.0, 78.0, 78.0, 78.0, 78.0, 78.00003, 78.0, 78.0, 78.0, 78.0, 78.00003, 78.0001, 78.000275, 78.00029, 78.00003, 78.02739, 78.21144, 78.0, 78.0, 78.00003, 78.00003, 78.00044, 78.00045, 78.00116
78.00003, 78.0, 78.0, 78.0, 78.0, 78.0, 78.00003, 78.0, 78.0, 78.0, 78.0, 78.00003, 78.00009, 78.000244, 78.00026, 78.00003, 78.02465, 78.1903, 78.0, 78.0, 78.00003, 78.00003, 78.0004, 78.000404, 78.001045
78.00003, 78.0, 78.0, 78.0, 78.0, 78.0, 78.00003, 78.0, 78.0, 78.0, 78.0, 78.00003, 78.000084, 78.00022, 78.00024, 78.00003, 78.02219, 78.17127, 78.0, 78.0, 78.00003, 78.00003, 78.00036, 78.00037, 78.00094
78.00003, 78.0, 78.0, 78.0, 78.0, 78.0, 78.00003, 78.0, 78.0, 78.0, 78.0, 78.00003, 78.00008, 78.0002, 78.00021, 78.00003, 78.019966, 78.154144, 78.0, 78.0, 78.00003, 78.00003, 78.00032, 78.00033, 78.00085
78.00003, 78.0, 78.0, 78.0, 78.0, 78.0, 78.00003, 78.0, 78.0, 78.0, 78.0, 78.00003, 78.00007, 78.000175, 78.00019, 78.00003, 78.01797, 78.13873, 78.0, 78.0, 78.00003, 78.00003, 78.00029, 78.0003, 78.00076
78.00003, 78.0, 78.0, 78.0, 78.0, 78.0, 78.00003, 78.0, 78.0, 78.0, 78.0, 78.00003, 78.00006, 78.00016, 78.00017, 78.00003, 78.016174, 78.12486, 78.0, 78.0, 78.00003, 78.00003, 78.00026, 78.00027, 78.00069
78.00003, 78.0, 78.0, 78.0, 78.0, 78.0, 78.00003, 78.0, 78.0, 78.0, 78.0, 78.00003, 78.00005, 78.000145, 78.00015, 78.00003, 78.01456, 78.11237, 78.0, 78.0, 78.00003, 78.00003, 78.00024, 78.000244, 78.00062
78.00003, 78.0, 78.0, 78.0, 78.0, 78.0, 78.00003, 78.0, 78.0, 78.0, 78.0, 78.00003, 78.000046, 78.00013, 78.00014, 78.00003, 78.0131, 78.101135, 78.0, 78.0, 78.00003, 78.00003, 78.00021, 78.00022, 78.00056
78.00003, 78.0, 78.0, 78.0, 78.0, 78.0, 78.00003, 78.0, 78.0, 78.0, 78.0, 78.00003, 78.00004, 78.000114, 78.00012, 78.00003, 78.01179, 78.09102, 78.0, 78.0, 78.00003, 78.00003, 78.00019, 78.0002, 78.0005
78.00003, 78.0, 78.0, 78.0, 78.0, 78.0, 78.00003, 78.0, 78.0, 78.0, 78.0, 78.00003, 78.00003, 78.00011, 78.00011, 78.00003, 78.010605, 78.08192, 78.0, 78.0, 78.00003, 78.00003, 78.00017, 78.000175, 78.00045
78.00003, 78.0, 78.0, 78.0, 78.0, 78.0, 78.00003, 78.0, 78.0, 78.0, 78.0, 78.00003, 78.00003, 78.0001, 78.0001, 78.00003, 78.009544, 78.07372, 78.0, 78.0, 78.00003, 78.00003, 78.00015, 78.00016, 78.000404
78.00003, 78.0, 78.0, 78.0, 78.0, 78.0, 78.00003, 78.0, 78.0, 78.0, 78.0, 78.00003, 78.00003, 78.00009, 78.00009, 78.00003, 78.00859, 78.06635, 78.0, 78.0, 78.00003, 78.00003, 78.00014, 78.000145, 78.00037
78.00003, 78.0, 78.0, 78.0, 78.0, 78.0, 78.00003, 78.0, 78.0, 78.0, 78.0, 78.00003, 78.00003, 78.000084, 78.000084, 78.00003, 78.00773, 78.059715, 78.0, 78.0, 78.00003, 78.00003, 78.00012, 78.00013, 78.00033
78.00003, 78.0, 78.0, 78.0, 78.0, 78.0, 78.00003, 78.0, 78.0, 78.0, 78.0, 78.00003, 78.00003, 78.00008, 78.00008, 78.00003, 78.00696, 78.05374, 78.0, 78.0, 78.00003, 78.00003, 78.00011, 78.000114, 78.0003
78.00003, 78.0, 78.0, 78.0, 78.0, 78.0, 78.00003, 78.0, 78.0, 78.0, 78.0, 78.00003, 78.00003, 78.00007, 78.00007, 78.00003, 78.00626, 78.04837, 78.0, 78.0, 78.00003, 78.00003, 78.0001, 78.00011, 78.00027
78.00003, 78.0, 78.0, 78.0, 78.0, 78.0, 78.00003, 78.0, 78.0, 78.0, 78.0, 78.00003, 78.00003, 78.00006, 78.00006, 78.00003, 78.00564, 78.04353, 78.0, 78.0, 78.00003, 78.00003, 78.00009, 78.0001, 78.000244
78.00003, 78.0, 78.0, 78.0, 78.0, 78.0, 78.00003, 78.0, 78.0, 78.0, 78.0, 78.00003, 78.00003, 78.00005, 78.00005, 78.00003, 78.00507, 78.03918, 78.0, 78.0, 78.00003, 78.00003, 78.000084, 78.00009, 78.00022
78.00003, 78.0, 78.0, 78.0, 78.0, 78.0, 78.00003, 78.0, 78.0, 78.0, 78.0, 78.00003, 78.00003, 78.000046, 78.000046, 78.00003, 78.00456, 78.03526, 78.0, 78.0, 78.00003, 78.00003, 78.00008, 78.000084, 78.0002
78.00003, 78.0, 78.0, 78.0, 78.0, 78.0, 78.00003, 78.0, 78.0, 78.0, 78.0, 78.00003, 78.00003, 78.00004, 78.00004, 78.00003, 78.004105, 78.03174, 78.0, 78.0, 78.00003, 78.00003, 78.00007, 78.00008, 78.000175
78.00003, 78.0, 78.0, 78.0, 78.0, 78.0, 78.00003, 78.0, 78.0, 78.0, 78.0, 78.00003, 78.00003, 78.00003, 78.00003, 78.00003, 78.00369, 78.028564, 78.0, 78.0, 78.00003, 78.00003, 78.00006, 78.00007, 78.00016
78.00003, 78.0, 78.0, 78.0, 78.0, 78.0, 78.00003, 78.0, 78.0, 78.0, 78.0, 78.00003, 78.00003, 78.00003, 78.00003, 78.00003, 78.00333, 78.02571, 78.0, 78.0, 78.00003, 78.00003, 78.00005, 78.00006, 78.000145
78.00003, 78.0, 78.0, 78.0, 78.0, 78.0, 78.00003, 78.0, 78.0, 78.0, 78.0, 78.00003, 78.00003, 78.00003, 78.00003, 78.00003, 78.00299, 78.02314, 78.0, 78.0, 78.00003, 78.00003, 78.000046, 78.00005, 78.00013
78.00003, 78.0, 78.0, 78.0, 78.0, 78.0, 78.00003, 78.0, 78.0, 78.0, 78.0, 78.00003, 78.00003, 78.00003, 78.00003, 78.00003, 78.00269, 78.02083, 78.0, 78.0, 78.00003, 78.00003, 78.00004, 78.000046, 78.000114
78.00003, 78.0, 78.0, 78.0, 78.0, 78.0, 78.00003, 78.0, 78.0, 78.0, 78.0, 78.00003, 78.00003, 78.00003, 78.00003, 78.00003, 78.002426, 78.018745, 78.0, 78.0, 78.00003, 78.00003, 78.00003, 78.00004, 78.00011
78.00003, 78.0, 78.0, 78.0, 78.0, 78.0, 78.00003, 78.0, 78.0, 78.0, 78.0, 78.00003, 78.00003, 78.00003, 78.00003, 78.00003, 78.00218, 78.01687, 78.0, 78.0, 78.00003, 78.00003, 78.00003, 78.00003, 78.0001
78.00003, 78.0, 78.0, 78.0, 78.0, 78.0, 78.00003, 78.0, 78.0, 78.0, 78.0, 78.00003, 78.00003, 78.00003, 78.00003, 78.00003, 78.00196, 78.01518, 78.0, 78.0, 78.00003, 78.00003, 78.00003, 78.00003, 78.00009
78.00003, 78.0, 78.0, 78.0, 78.0, 78.0, 78.00003, 78.0, 78.0, 78.0, 78.0, 78.00003, 78.00003, 78.00003, 78.00003, 78.00003, 78.00176, 78.013664, 78.0, 78.0, 78.00003, 78.00003, 78.00003, 78.00003, 78.000084
78.00003, 78.0, 78.0, 78.0, 78.0, 78.0, 78.00003, 78.0, 78.0, 78.0, 78.0, 78.00003, 78.00003, 78.00003, 78.00003, 78.00003, 78.00159, 78.0123, 78.0, 78.0, 78.00003, 78.00003, 78.00003, 78.00003, 78.00008
78.00003, 78.0, 78.0, 78.0, 78.0, 78.0, 78.00003, 78.0, 78.0, 78.0, 78.0, 78.00003, 78.00003, 78.00003, 78.00003, 78.00003, 78.00143, 78.01107, 78.0, 78.0, 78.00003, 78.00003, 78.00003, 78.00003, 78.00007
78.00003, 78.0, 78.0, 78.0, 78.0, 78.0, 78.00003, 78.0, 78.0, 78.0, 78.0, 78.00003, 78.00003, 78.00003, 78.00003, 78.00003, 78.00128, 78.009964, 78.0, 78.0, 78.00003, 78.00003, 78.00003, 78.00003, 78.00006
78.00003, 78.0, 78.0, 78.0, 78.0, 78.0, 78.00003, 78.0, 78.0, 78.0, 78.0, 78.00003, 78.00003, 78.00003, 78.00003, 78.00003, 78.00115, 78.008965, 78.0, 78.0, 78.00003, 78.00003, 78.00003, 78.00003, 78.00005
78.00003, 78.0, 78.0, 78.0, 78.0, 78.0, 78.00003, 78.0, 78.0, 78.0, 78.0, 78.00003, 78.00003, 78.00003, 78.00003, 78.00003, 78.00104, 78.00807, 78.0, 78.0, 78.00003, 78.00003, 78.00003, 78.00003, 78.000046
78.00003, 78.0, 78.0, 78.0, 78.0, 78.0, 78.00003, 78.0, 78.0, 78.0, 78.0, 78.00003, 78.00003, 78.00003, 78.00003, 78.00003, 78.00093, 78.00726, 78.0, 78.0, 78.00003, 78.00003, 78.00003, 78.00003, 78.00004
78.00003, 78.0, 78.0, 78.0, 78.0, 78.0, 78.00003, 78.0, 78.0, 78.0, 78.0, 78.00003, 78.00003, 78.00003, 78.00003, 78.00003, 78.00084, 78.00654, 78.0, 78.0, 78.00003, 78.00003, 78.00003, 78.00003, 78.00003
78.00003, 78.0, 78.0, 78.0, 78.0, 78.0, 78.00003, 78.0, 78.0, 78.0, 78.0, 78.00003, 78.00003, 78.00003, 78.00003, 78.00003, 78.000755, 78.00588, 78.0, 78.0, 78.00003, 78.00003, 78.00003, 78.00003, 78.00003
78.00003, 78.0, 78.0, 78.0, 78.0, 78.0, 78.00003, 78.0, 78.0, 78.0, 78.0, 78.00003, 78.00003, 78.00003, 78.00003, 78.00003, 78.00068, 78.005295, 78.0, 78.0, 78.00003, 78.00003, 78.00003, 78.00003, 78.00003
78.00003, 78.0, 78.0, 78.0, 78.0, 78.0, 78.00003, 78.0, 78.0, 78.0, 78.0, 78.00003, 78.00003, 78.00003, 78.00003, 78.00003, 78.00061, 78.00477, 78.0, 78.0, 78.00003, 78.00003, 78.00003, 78.00003, 78.00003
78.00003, 78.0, 78.0, 78.0, 78.0, 78.0, 78.00003, 78.0, 78.0, 78.0, 78.0, 78.00003, 78.00003, 78.00003, 78.00003, 78.00003, 78.00055, 78.00429, 78.0, 78.0, 78.00003, 78.00003, 78.00003, 78.00003, 78.00003
78.00003, 78.0, 78.0, 78.0, 78.0, 78.0, 78.00003, 78.0, 78.0, 78.0, 78.0, 78.00003, 78.00003, 78.00003, 78.00003, 78.00003, 78.000496, 78.00386, 78.0, 78.0, 78.00003, 78.00003, 78.00003, 78.00003, 78.00003
78.00003, 78.0, 78.0, 78.0, 78.0, 78.0, 78.00003, 78.0, 78.0, 78.0, 78.0, 78.00003, 78.00003, 78.00003, 78.00003, 78.00003, 78.00044, 78.00347, 78.0, 78.0, 78.00003, 78.00003, 78.00003, 78.00003, 78.00003
78.00003, 78.0, 78.0, 78.0, 78.0, 78.0, 78.00003, 78.0, 78.0, 78.0, 78.0, 78.00003, 78.00003, 78.00003, 78.00003, 78.00003, 78.0004, 78.00313, 78.0, 78.0, 78.00003, 78.00003, 78.00003, 78.00003, 78.00003
78.00003, 78.0, 78.0, 78.0, 78.0, 78.0, 78.00003, 78.0, 78.0, 78.0, 78.0, 78.00003, 78.00003, 78.00003, 78.00003, 78.00003, 78.00036, 78.002815, 78.0, 78.0, 78.00003, 78.00003, 78.00003, 78.00003, 78.00003
78.00003, 78.0, 78.0, 78.0, 78.0, 78.0, 78.00003, 78.0, 78.0, 78.0, 78.0, 78.00003, 78.00003, 78.00003, 78.00003, 78.00003, 78.00032, 78.00253, 78.0, 78.0, 78.00003, 78.00003, 78.00003, 78.00003, 78.00003
78.00003, 78.0, 78.0, 78.0, 78.0, 78.0, 78.00003, 78.0, 78.0, 78.0, 78.0, 78.00003, 78.00003, 78.00003, 78.00003, 78.00003, 78.00029, 78.00228, 78.0, 78.0, 78.00003, 78.00003, 78.00003, 78.00003, 78.00003
78.00003, 78.0, 78.0, 78.0, 78.0, 78.0, 78.00003, 78.0, 78.0, 78.0, 78.0, 78.00003, 78.00003, 78.00003, 78.00003, 78.00003, 78.00026, 78.00205, 78.0, 78.0, 78.00003, 78.00003, 78.00003, 78.00003, 78.00003
78.00003, 78.0, 78.0, 78.0, 78.0, 78.0, 78.00003, 78.0, 78.0, 78.0, 78.0, 78.00003, 78.00003, 78.00003, 78.00003, 78.00003, 78.00024, 78.00185, 78.0, 78.0, 78.00003, 78.00003, 78.00003, 78.00003, 78.00003
78.00003, 78.0, 78.0, 78.0, 78.0, 78.0, 78.00003, 78.0, 78.0, 78.0, 78.0, 78.00003, 78.00003, 78.00003, 78.00003, 78.00003, 78.00021, 78.00166, 78.0, 78.0, 78.00003, 78.00003, 78.00003, 78.00003, 78.00003
78.00003, 78.0, 78.0, 78.0, 78.0, 78.0, 78.00003, 78.0, 78.0, 78.0, 78.0, 78.00003, 78.00003, 78.00003, 78.00003, 78.00003, 78.00019, 78.001495, 78.0, 78.0, 78.00003, 78.00003, 78.00003, 78.00003, 78.00003
78.00003, 78.0, 78.0, 78.0, 78.0, 78.0, 78.00003, 78.0, 78.0, 78.0, 78.0, 78.00003, 78.00003, 78.00003, 78.00003, 78.00003, 78.00017, 78.00134, 78.0, 78.0, 78.00003, 78.00003, 78.00003, 78.00003, 78.00003
78.00003, 78.0, 78.0, 78.0, 78.0, 78.0, 78.00003, 78.0, 78.0, 78.0, 78.0, 78.00003, 78.00003, 78.00003, 78.00003, 78.00003, 78.00015, 78.001205, 78.0, 78.0, 78.00003, 78.00003, 78.00003, 78.00003, 78.00003
78.00003, 78.0, 78.0, 78.0, 78.0, 78.0, 78.00003, 78.0, 78.0, 78.0, 78.0, 78.00003, 78.00003, 78.00003, 78.00003, 78.00003, 78.00014, 78.00108, 78.0, 78.0, 78.00003, 78.00003, 78.00003, 78.00003, 78.00003
78.00003, 78.0, 78.0, 78.0, 78.0, 78.0, 78.00003, 78.0, 78.0, 78.0, 78.0, 78.00003, 78.00003, 78.00003, 78.00003, 78.00003, 78.00012, 78.00098, 78.0, 78.0, 78.00003, 78.00003, 78.00003, 78.00003, 78.00003
78.00003, 78.0, 78.0, 78.0, 78.0, 78.0, 78.00003, 78.0, 78.0, 78.0, 78.0, 78.00003, 78.00003, 78.00003, 78.00003, 78.00003, 78.00011, 78.00088, 78.0, 78.0, 78.00003, 78.00003, 78.00003, 78.00003, 78.00003
78.00003, 78.0, 78.0, 78.0, 78.0, 78.0, 78.00003, 78.0, 78.0, 78.0, 78.0, 78.00003, 78.00003, 78.00003, 78.00003, 78.00003, 78.0001, 78.00079, 78.0, 78.0, 78.00003, 78.00003, 78.00003, 78.00003, 78.00003
78.00003, 78.0, 78.0, 78.0, 78.0, 78.0, 78.00003, 78.0, 78.0, 78.0, 78.0, 78.00003, 78.00003, 78.00003, 78.00003, 78.00003, 78.00009, 78.00072, 78.0, 78.0, 78.00003, 78.00003, 78.00003, 78.00003, 78.00003
78.00003, 78.0, 78.0, 78.0, 78.0, 78.0, 78.00003, 78.0, 78.0, 78.0, 78.0, 78.00003, 78.00003, 78.00003, 78.00003, 78.00003, 78.000084, 78.00065, 78.0, 78.0, 78.00003, 78.00003, 78.00003, 78.00003, 78.00003
78.00003, 78.0, 78.0, 78.0, 78.0, 78.0, 78.00003, 78.0, 78.0, 78.0, 78.0, 78.00003, 78.00003, 78.00003, 78.00003, 78.00003, 78.00008, 78.00058, 78.0, 78.0, 78.00003, 78.00003, 78.00003, 78.00003, 78.00003
78.00003, 78.0, 78.0, 78.0, 78.0, 78.0, 78.00003, 78.0, 78.0, 78.0, 78.0, 78.00003, 78.00003, 78.00003, 78.00003, 78.00003, 78.00007, 78.00052, 78.0, 78.0, 78.00003, 78.00003, 78.00003, 78.00003, 78.00003
78.00003, 78.0, 78.0, 78.0, 78.0, 78.0, 78.00003, 78.0, 78.0, 78.0, 78.0, 78.00003, 78.00003, 78.00003, 78.00003, 78.00003, 78.00006, 78.000465, 78.0, 78.0, 78.00003, 78.00003, 78.00003, 78.00003, 78.00003
78.00003, 78.0, 78.0, 78.0, 78.0, 78.0, 78.00003, 78.0, 78.0, 78.0, 78.0, 78.00003, 78.00003, 78.00003, 78.00003, 78.00003, 78.00005, 78.00042, 78.0, 78.0, 78.00003, 78.00003, 78.00003, 78.00003, 78.00003
78.00003, 78.0, 78.0, 78.0, 78.0, 78.0, 78.00003, 78.0, 78.0, 78.0, 78.0, 78.00003, 78.00003, 78.00003, 78.00003, 78.00003, 78.000046, 78.00038, 78.0, 78.0, 78.00003, 78.00003, 78.00003, 78.00003, 78.00003
78.00003, 78.0, 78.0, 78.0, 78.0, 78.0, 78.00003, 78.0, 78.0, 78.0, 78.0, 78.00003, 78.00003, 78.00003, 78.00003, 78.00003, 78.00004, 78.00034, 78.0, 78.0, 78.00003, 78.00003, 78.00003, 78.00003, 78.00003
78.00003, 78.0, 78.0, 78.0, 78.0, 78.0, 78.00003, 78.0, 78.0, 78.0, 78.0, 78.00003, 78.00003, 78.00003, 78.00003, 78.00003, 78.00003, 78.000305, 78.0, 78.0, 78.00003, 78.00003, 78.00003, 78.00003, 78.00003
78.00003, 78.0, 78.0, 78.0, 78.0, 78.0, 78.00003, 78.0, 78.0, 78.0, 78.0, 78.00003, 78.00003, 78.00003, 78.00003, 78.00003, 78.00003, 78.000275, 78.0, 78.0, 78.00003, 78.00003, 78.00003, 78.00003, 78.00003
78.00003, 78.0, 78.0, 78.0, 78.0, 78.0, 78.00003, 78.0, 78.0, 78.0, 78.0, 78.00003, 78.00003, 78.00003, 78.00003, 78.00003, 78.00003, 78.000244, 78.0, 78.0, 78.00003, 78.00003, 78.00003, 78.00003, 78.00003
78.00003, 78.0, 78.0, 78.0, 78.0, 78.0, 78.00003, 78.0, 78.0, 78.0, 78.0, 78.00003, 78.00003, 78.00003, 78.00003, 78.00003, 78.00003, 78.00022, 78.0, 78.0, 78.00003, 78.00003, 78.00003, 78.00003, 78.00003
78.00003, 78.0, 78.0, 78.0, 78.0, 78.0, 78.00003, 78.0, 78.0, 78.0, 78.0, 78.00003, 78.00003, 78.00003, 78.00003, 78.00003, 78.00003, 78.0002, 78.0, 78.0, 78.00003, 78.00003, 78.00003, 78.00003, 78.00003
78.00003, 78.0, 78.0, 78.0, 78.0, 78.0, 78.00003, 78.0, 78.0, 78.0, 78.0, 78.00003, 78.00003, 78.00003, 78.00003, 78.00003, 78.00003, 78.000175, 78.0, 78.0, 78.00003, 78.00003, 78.00003, 78.00003, 78.00003
78.00003, 78.0, 78.0, 78.0, 78.0, 78.0, 78.00003, 78.0, 78.0, 78.0, 78.0, 78.00003, 78.00003, 78.00003, 78.00003, 78.00003, 78.00003, 78.00016, 78.0, 78.0, 78.00003, 78.00003, 78.00003, 78.00003, 78.00003
78.00003, 78.0, 78.0, 78.0, 78.0, 78.0, 78.00003, 78.0, 78.0, 78.0, 78.0, 78.00003, 78.00003, 78.00003, 78.00003, 78.00003, 78.00003, 78.000145, 78.0, 78.0, 78.00003, 78.00003, 78.00003, 78.00003, 78.00003
78.00003, 78.0, 78.0, 78.0, 78.0, 78.0, 78.00003, 78.0, 78.0, 78.0, 78.0, 78.00003, 78.00003, 78.00003, 78.00003, 78.00003, 78.00003, 78.00013, 78.0, 78.0, 78.00003, 78.00003, 78.00003, 78.00003, 78.00003
78.00003, 78.0, 78.0, 78.0, 78.0, 78.0, 78.00003, 78.0, 78.0, 78.0, 78.0, 78.00003, 78.00003, 78.00003, 78.00003, 78.00003, 78.00003, 78.000114, 78.0, 78.0, 78.00003, 78.00003, 78.00003, 78.00003, 78.00003
78.00003, 78.0, 78.0, 78.0, 78.0, 78.0, 78.00003, 78.0, 78.0, 78.0, 78.0, 78.00003, 78.00003, 78.00003, 78.00003, 78.00003, 78.00003, 78.00011, 78.0, 78.0, 78.00003, 78.00003, 78.00003, 78.00003, 78.00003
78.00003, 78.0, 78.0, 78.0, 78.0, 78.0, 78.00003, 78.0, 78.0, 78.0, 78.0, 78.00003, 78.00003, 78.00003, 78.00003, 78.00003, 78.00003, 78.0001, 78.0, 78.0, 78.00003, 78.00003, 78.00003, 78.00003, 78.00003
78.00003, 78.0, 78.0, 78.0, 78.0, 78.0, 78.00003, 78.0, 78.0, 78.0, 78.0, 78.00003, 78.00003, 78.00003, 78.00003, 78.00003, 78.00003, 78.00009, 78.0, 78.0, 78.00003, 78.00003, 78.00003, 78.00003, 78.00003
78.00003, 78.0, 78.0, 78.0, 78.0, 78.0, 78.00003, 78.0, 78.0, 78.0, 78.0, 78.00003, 78.00003, 78.00003, 78.00003, 78.00003, 78.00003, 78.000084, 78.0, 78.0, 78.00003, 78.00003, 78.00003, 78.00003, 78.00003
78.00003, 78.0, 78.0, 78.0, 78.0, 78.0, 78.00003, 78.0, 78.0, 78.0, 78.0, 78.00003, 78.00003, 78.00003, 78.00003, 78.00003, 78.00003, 78.00008, 78.0, 78.0, 78.00003, 78.00003, 78.00003, 78.00003, 78.00003
78.00003, 78.0, 78.0, 78.0, 78.0, 78.0, 78.00003, 78.0, 78.0, 78.0, 78.0, 78.00003, 78.00003, 78.00003, 78.00003, 78.00003, 78.00003, 78.00007, 78.0, 78.0, 78.00003, 78.00003, 78.00003, 78.00003, 78.00003
78.00003, 78.0, 78.0, 78.0, 78.0, 78.0, 78.00003, 78.0, 78.0, 78.0, 78.0, 78.00003, 78.00003, 78.00003, 78.00003, 78.00003, 78.00003, 78.00006, 78.0, 78.0, 78.00003, 78.00003, 78.00003, 78.00003, 78.00003
78.00003, 78.0, 78.0, 78.0, 78.0, 78.0, 78.00003, 78.0, 78.0, 78.0, 78.0, 78.00003, 78.00003, 78.00003, 78.00003, 78.00003, 78.00003, 78.00005, 78.0, 78.0, 78.00003, 78.00003, 78.00003, 78.00003, 78.00003
78.00003, 78.0, 78.0, 78.0, 78.0, 78.0, 78.00003, 78.0, 78.0, 78.0, 78.0, 78.00003, 78.00003, 78.00003, 78.00003, 78.00003, 78.00003, 78.000046, 78.0, 78.0, 78.00003, 78.00003, 78.00003, 78.00003, 78.00003
78.00003, 78.0, 78.0, 78.0, 78.0, 78.0, 78.00003, 78.0, 78.0, 78.0, 78.0, 78.00003, 78.00003, 78.00003, 78.00003, 78.00003, 78.00003, 78.00004, 78.0, 78.0, 78.00003, 78.00003, 78.00003, 78.00003, 78.00003
78.00003, 78.0, 78.0, 78.0, 78.0, 78.0, 78.00003, 78.0, 78.0, 78.0, 78.0, 78.00003, 78.00003, 78.00003, 78.00003, 78.00003, 78.00003, 78.00003, 78.0, 78.0, 78.00003, 78.00003, 78.00003, 78.00003, 78.00003
78.00003, 78.0, 78.0, 78.0, 78.0, 78.0, 78.00003, 78.0, 78.0, 78.0, 78.0, 78.00003, 78.00003, 78.00003, 78.00003, 78.00003, 78.00003, 78.00003, 78.0, 78.0, 78.00003, 78.00003, 78.00003, 78.00003, 78.00003
78.00003, 78.0, 78.0, 78.0, 78.0, 78.0, 78.00003, 78.0, 78.0, 78.0, 78.0, 78.00003, 78.00003, 78.00003, 78.00003, 78.00003, 78.00003, 78.00003, 78.0, 78.0, 78.00003, 78.00003, 78.00003, 78.00003, 78.00003
78.00003, 78.0, 78.0, 78.0, 78.0, 78.0, 78.00003, 78.0, 78.0, 78.0, 78.0, 78.00003, 78.00003, 78.00003, 78.00003, 78.00003, 78.00003, 78.00003, 78.0, 78.0, 78.00003, 78.00003, 78.00003, 78.00003, 78.00003
78.00003, 78.0, 78.0, 78.0, 78.0, 78.0, 78.00003, 78.0, 78.0, 78.0, 78.0, 78.00003, 78.00003, 78.00003, 78.00003, 78.00003, 78.00003, 78.00003, 78.0, 78.0, 78.00003, 78.00003, 78.00003, 78.00003, 78.00003
78.00003, 78.0, 78.0, 78.0, 78.0, 78.0, 78.00003, 78.0, 78.0, 78.0, 78.0, 78.00003, 78.00003, 78.00003, 78.00003, 78.00003, 78.00003, 78.00003, 78.0, 78.0, 78.00003, 78.00003, 78.00003, 78.00003, 78.00003
78.00003, 78.0, 78.0, 78.0, 78.0, 78.0, 78.00003, 78.0, 78.0, 78.0, 78.0, 78.00003, 78.00003, 78.00003, 78.00003, 78.00003, 78.00003, 78.00003, 78.0, 78.0, 78.00003, 78.00003, 78.00003, 78.00003, 78.00003
78.00003, 78.0, 78.0, 78.0, 78.0, 78.0, 78.00003, 78.0, 78.0, 78.0, 78.0, 78.00003, 78.00003, 78.00003, 78.00003, 78.00003, 78.00003, 78.00003, 78.0, 78.0, 78.00003, 78.00003, 78.00003, 78.00003, 78.00003
78.00003, 78.0, 78.0, 78.0, 78.0, 78.0, 78.00003, 78.0, 78.0, 78.0, 78.0, 78.00003, 78.00003, 78.00003, 78.00003, 78.00003, 78.00003, 78.00003, 78.0, 78.0, 78.00003, 78.00003, 78.00003, 78.00003, 78.00003
78.00003, 78.0, 78.0, 78.0, 78.0, 78.0, 78.00003, 78.0, 78.0, 78.0, 78.0, 78.00003, 78.00003, 78.00003, 78.00003, 78.00003, 78.00003, 78.00003, 78.0, 78.0, 78.00003, 78.00003, 78.00003, 78.00003, 78.00003
78.00003, 78.0, 78.0, 78.0, 78.0, 78.0, 78.00003, 78.0, 78.0, 78.0, 78.0, 78.00003, 78.00003, 78.00003, 78.00003, 78.00003, 78.00003, 78.00003, 78.0, 78.0, 78.00003, 78.00003, 78.00003, 78.00003, 78.00003
78.00003, 78.0, 78.0, 78.0, 78.0, 78.0, 78.00003, 78.0, 78.0, 78.0, 78.0, 78.00003, 78.00003, 78.00003, 78.00003, 78.00003, 78.00003, 78.00003, 78.0, 78.0, 78.00003, 78.00003, 78.00003, 78.00003, 78.00003
78.00003, 78.0, 78.0, 78.0, 78.0, 78.0, 78.00003, 78.0, 78.0, 78.0, 78.0, 78.00003, 78.00003, 78.00003, 78.00003, 78.00003, 78.00003, 78.00003, 78.0, 78.0, 78.00003, 78.00003, 78.00003, 78.00003, 78.00003
78.00003, 78.0, 78.0, 78.0, 78.0, 78.0, 78.00003, 78.0, 78.0, 78.0, 78.0, 78.00003, 78.00003, 78.00003, 78.00003, 78.00003, 78.00003, 78.00003, 78.0, 78.0, 78.00003, 78.00003, 78.00003, 78.00003, 78.00003
78.00003, 78.0, 78.0, 78.0, 78.0, 78.0, 78.00003, 78.0, 78.0, 78.0, 78.0, 78.00003, 78.00003, 78.00003, 78.00003, 78.00003, 78.00003, 78.00003, 78.0, 78.0, 78.00003, 78.00003, 78.00003, 78.00003, 78.00003
